micron
1536071746115790949 -35.6443554653 80.261418578 410.916113391 0.0174822263965 -0.0847213743514 -0.0594790777185 0.994474182572 50.0 1545.0
1536071746185753182 -36.0721920561 80.1751216415 410.976857857 0.00622532598308 -0.0978187804063 -0.0463400581965 0.994105291467 50.0 1546.0
1536071746251049306 -36.8765189312 80.0438185928 411.194958354 -0.0159410124412 -0.0848395944863 -0.0768113496992 0.993301637916 50.0 1547.0
1536071746318181786 -37.0522496041 79.9455634719 411.294435145 -0.0251723835031 -0.0833406315169 -0.0803083163003 0.992960857527 50.0 1548.0
1536071746385926605 -37.0284098782 79.9466689714 411.253883799 -0.0257508380403 -0.0810712181835 -0.0738970329941 0.993631511395 50.0 1549.0
1536071746451543271 -37.0200050139 79.9453483262 411.22838415 -0.0260912590269 -0.0794644904107 -0.071508890462 0.993927119839 50.0 1550.0
1536071746516962485 -37.0079705969 79.9370502258 411.262541995 -0.0262060948176 -0.0810836916008 -0.0650326388007 0.994238116067 50.0 1551.0
1536071746587593092 -36.8638484639 79.840249985 411.544752978 -0.0238267230971 -0.0974739406346 -0.0195190319679 0.994761341003 50.0 1552.0
1536071746651186141 -36.6440493273 79.7012058204 411.580179299 -0.0164363906 -0.0962865732129 -0.0197488745934 0.995021971031 50.0 1553.0
1536071746717836103 -36.2750890278 79.7515807984 411.449774117 -0.0112962391311 -0.0917843559365 -0.0328997414715 0.995171158142 50.0 1554.0
1536071746786076271 -36.2303359477 79.8889486433 411.299860675 -0.0108010801391 -0.0927425550693 -0.0706103618663 0.993124529928 50.0 1555.0
1536071746851923847 -36.2503171769 79.9324112152 411.24667559 -0.0115707915406 -0.0990303687913 -0.0663524760903 0.992802322598 50.0 1556.0
1536071746917662605 -36.2243647288 79.9781368784 411.214803846 -0.012550976198 -0.101294700032 -0.0619843458921 0.992844296759 50.0 1557.0
1536071746985886873 -35.8867774358 80.0740960311 411.122601124 -0.00464415206408 -0.111293744791 -0.0499201533348 0.992522096738 50.0 1558.0
1536071747051087405 -35.7480704229 80.1176019392 411.084397806 -0.000123048771333 -0.0977254640297 -0.0649906673967 0.993089085475 50.0 1559.0
1536071747117846095 -35.6310495094 80.164958161 411.103839768 0.00201957154567 -0.0992983419458 -0.0644602157649 0.992965579062 50.0 1560.0
1536071747185516486 -35.1566742345 80.4278411675 410.921373254 0.0116149161048 -0.1009853048 -0.0840126596804 0.991266328971 50.0 1561.0
1536071747253340756 -34.7902738772 80.6511858951 410.54602854 0.0160586334636 -0.119314635638 -0.0817311463997 0.989356436135 50.0 1562.0
1536071747317857480 -34.6373061914 81.0998367575 409.990094408 0.0203409294892 -0.119835752663 -0.108709242988 0.98661438235 50.0 1563.0
1536071747386229636 -34.5414936657 81.0876949084 410.112832174 0.0194720824203 -0.123999648842 -0.0902327661727 0.987979237131 50.0 1564.0
1536071747451433072 -34.48768409 81.1382922262 410.137198344 0.0165938881344 -0.125270503786 -0.0885861672164 0.988020462711 50.0 1565.0
1536071747518139852 -34.4093758611 82.2184521203 408.928325442 0.0071042076397 -0.12886373202 -0.128417108862 0.983286690114 50.0 1566.0
1536071747585598278 -34.6174671586 84.1391796555 407.263711129 0.0038920159811 -0.124325975091 -0.230453663351 0.965100519727 50.0 1567.0
1536071747651267321 -35.3419998032 84.6087255115 406.725193768 -0.0252952378972 -0.133210911915 -0.22699952445 0.96440977794 50.0 1568.0
1536071747718840487 -35.6427011685 84.9504234966 406.35759659 -0.0436254439789 -0.135595374688 -0.207956998005 0.967711011605 50.0 1569.0
1536071747786960075 -34.7453270595 86.3326153097 405.483983643 -0.0139863302135 -0.116531992837 -0.2224148774 0.967861715083 50.0 1570.0
1536071747852996885 -33.6999740902 86.9795993692 405.42789369 0.0298061504406 -0.126445846864 -0.256434450551 0.957791424986 50.0 1571.0
1536071747919888357 -32.8337337656 86.8362003816 405.738846843 0.0608531408165 -0.105704859983 -0.273767167593 0.95403087779 50.0 1572.0
1536071748051626607 -33.8348294068 80.6145707434 410.780035589 0.0200971476851 -0.160097938983 -0.0678674494545 0.98456018805 50.0 1573.0
1536071748119651185 -35.7444314523 79.6359927743 411.916254722 -0.0349502662661 -0.142948690121 -0.0393747440479 0.988328781536 50.0 1574.0
1536071748187052845 -36.8936166071 80.3925264981 410.491374115 -0.0671597103055 -0.143190921624 -0.0686433769502 0.985024882974 50.0 1575.0
1536071748252805681 -37.685488398 81.7727704042 409.086320306 -0.0879862888954 -0.14129773512 -0.157450004445 0.973397585325 50.0 1576.0
1536071748318685123 -37.9246082709 83.493644922 407.482174262 -0.112035217028 -0.119619428019 -0.178275561523 0.970235603732 50.0 1577.0
1536071748386554127 -36.281506914 86.4107223336 405.561235936 -0.0646157065259 -0.145637889692 -0.231594480397 0.95967620175 50.0 1578.0
1536071748452925173 -34.1817957612 89.0122101433 404.214679505 -0.00382950562924 -0.137609835902 -0.284552940403 0.948724666095 50.0 1579.0
1536071748651335027 -31.5524499981 85.373909586 406.92269394 0.0906467405231 -0.133986987533 -0.213731252226 0.963405214552 50.0 1580.0
1536071748787044362 -36.3340188449 79.1012560967 412.529521477 -0.0436195357263 -0.1480036809 -0.0111881297595 0.987961068208 50.0 1581.0
1536071748853002613 -38.3495306248 79.8681662638 411.297595385 -0.0997503113312 -0.130512751015 -0.0473542522027 0.98527857584 50.0 1582.0
1536071748919565473 -39.1543053428 81.6665664108 409.174326893 -0.128725543496 -0.120018522241 -0.107598864094 0.978492602535 50.0 1583.0
1536071748988582592 -39.3546021752 83.0858312119 407.778796729 -0.140661058399 -0.120294158655 -0.165371791474 0.968708394011 50.0 1584.0
1536071749052914801 -37.4855297159 85.7124471764 405.682339769 -0.0984991921482 -0.107575575703 -0.203744323932 0.968097957401 50.0 1585.0
1536071749119140686 -34.7089881218 88.6066066038 404.400093879 -0.00980354754645 -0.10485793281 -0.289548815385 0.951351768744 50.0 1586.0
1536071749317423735 -30.2214699694 90.4979506698 405.089941712 0.16995812863 -0.109279376692 -0.325772812422 0.923603988206 50.0 1587.0
1536071749451302846 -33.1368568973 82.7584943516 408.87515415 0.0622269074744 -0.115409325572 -0.14018417225 0.981405572334 50.0 1588.0
1536071749584553448 -36.2641288745 80.18232692 410.944416713 -0.0227052094069 -0.115147809908 -0.030887095154 0.992608403497 50.0 1589.0
1536071749651366592 -37.1791462958 79.9684399651 411.168397928 -0.0493352409947 -0.113910818153 -0.0413582518648 0.991402972815 50.0 1590.0
1536071749719610201 -37.8274685368 80.1700571926 410.984255523 -0.0642474954139 -0.128700714335 -0.0672686850616 0.987311151296 50.0 1591.0
1536071749784598200 -38.5334412891 80.4961595009 410.422914965 -0.0952130650242 -0.112466649611 -0.066403973244 0.98685167949 50.0 1592.0
1536071749851110532 -39.3928501119 81.3103564594 409.719715067 -0.125376832188 -0.129635108779 -0.0694747283136 0.981146599978 50.0 1593.0
1536071749919924821 -39.8570168632 82.0307046793 408.85698232 -0.144832078095 -0.116173659588 -0.0828625878417 0.979112425367 50.0 1594.0
1536071749984613145 -39.8635114815 82.381615188 408.577521305 -0.142183869515 -0.114486839045 -0.134321384313 0.973978581208 50.0 1595.0
1536071750051138789 -39.3161966224 83.2930308192 407.590035926 -0.136403232639 -0.102506379147 -0.156516134782 0.972825421087 50.0 1596.0
1536071750119005638 -38.9622233419 84.3648446607 406.766291615 -0.120628964992 -0.101693783464 -0.227523971698 0.960905754751 50.0 1597.0
1536071750185502130 -38.5759792748 84.5988128136 406.61162136 -0.110189766355 -0.109783410988 -0.214138212931 0.964339485775 50.0 1598.0
1536071750252105971 -38.0990632523 84.8491358927 406.437542009 -0.0910821464148 -0.10143420134 -0.23428057971 0.962563117605 50.0 1599.0
1536071750320293678 -37.2586167318 84.9280496572 406.372948671 -0.0605039060141 -0.0966390523216 -0.223953605207 0.967907512957 50.0 1600.0
1536071750385513511 -36.5045919517 84.7671837985 406.300974531 -0.0324351898707 -0.087168762818 -0.20508092904 0.974315851144 50.0 1601.0
1536071750453121419 -36.1350695821 83.6858161692 407.295332105 -0.0221773452254 -0.0758264866843 -0.165422875346 0.983053295396 50.0 1602.0
1536071750523317094 -35.8098869772 82.2057826854 408.569767744 -0.00292151169229 -0.0910891997077 -0.144650831516 0.985276793296 50.0 1603.0
1536071750585786277 -35.6701142689 81.1198082631 409.807017041 0.00117681682076 -0.0836005613281 -0.101805048582 0.991284668161 50.0 1604.0
1536071750718596757 -36.2887177888 79.1256367616 412.354091886 -0.0138132482629 -0.110715577587 -0.0288511142047 0.993337237931 50.0 1605.0
1536071750785514578 -36.9687700814 78.8704336872 412.763117174 -0.035458662258 -0.11765024743 0.0110474347381 0.992360346213 50.0 1606.0
1536071750851268547 -37.7957543998 78.9683537837 412.552607763 -0.0572317892264 -0.115347797178 -0.012285019887 0.991598954353 50.0 1607.0
1536071750920581249 -38.7516634049 79.4032349063 412.11884387 -0.0894662370017 -0.109643458355 0.0118768601139 0.989865164894 50.0 1608.0
1536071750984412541 -39.5370751703 80.1693789665 410.992414267 -0.110581007737 -0.0980114589449 -0.0357034736084 0.988377891606 50.0 1609.0
1536071751051040546 -39.8247723418 81.188390504 409.82879692 -0.121583910023 -0.0885978322287 -0.0729300434934 0.985925446321 50.0 1610.0
1536071751118913833 -39.7074777992 82.4871650335 408.477510237 -0.114997984725 -0.0906136385781 -0.134877964869 0.97998600327 50.0 1611.0
1536071751184462722 -39.1335139636 83.7297615884 407.312559648 -0.103148020983 -0.0759242633149 -0.177534860376 0.975744518488 50.0 1612.0
1536071751251066263 -38.005823561 84.2672704848 406.840435759 -0.0699010723141 -0.06294533218 -0.215742252931 0.971908949206 50.0 1613.0
1536071751318957338 -36.5184463321 84.7979320928 406.455640531 -0.0161949494981 -0.0644103500012 -0.195507275878 0.978450783383 50.0 1614.0
1536071751387928503 -35.1566477116 84.466516677 406.826393078 0.0318216582417 -0.0567049593384 -0.216381538423 0.974141139406 50.0 1615.0
1536071751452088871 -34.3832928271 82.1977993192 408.887690461 0.0566893440561 -0.0814123983552 -0.135139450861 0.985847690308 50.0 1616.0
1536071751519758472 -34.1996245619 80.6947487354 410.60728535 0.0616928661853 -0.07160065054 -0.0772813768648 0.992519483886 50.0 1617.0
1536071751585679234 -34.4739451473 79.3716683269 412.485283298 0.0544230799432 -0.0819045607751 -0.0187998907547 0.994975545127 50.0 1618.0
1536071751652842361 -35.1837613782 78.7431418448 413.307740861 0.036547185477 -0.0860797319464 0.000584383774549 0.995617517663 50.0 1619.0
1536071751718922840 -36.1700465153 78.5000938553 413.5721075 0.00629074342709 -0.0832155691735 0.0105948900341 0.996455389819 50.0 1620.0
1536071751784700960 -37.455264891 78.6501896747 413.20980769 -0.0297567305092 -0.0858306029708 0.000870127008085 0.995864894181 50.0 1621.0
1536071751851050032 -38.661499905 79.0723129412 412.497866187 -0.0643504650025 -0.0816552516257 -0.0217935449185 0.994342234312 50.0 1622.0
1536071751918888762 -39.3330367007 79.7855000978 411.694293614 -0.0873483505492 -0.079762179735 -0.00321329382514 0.992974287221 50.0 1623.0
1536071751984408667 -39.6763530559 80.3066061446 410.973301218 -0.0979264272801 -0.0783366989308 -0.0367441740419 0.991425056227 50.0 1624.0
1536071752051060667 -39.1775192697 80.7793257477 410.149844067 -0.0853250008976 -0.0681394066304 -0.0807542317731 0.990734787689 50.0 1625.0
1536071752120438871 -38.2648678013 81.0506748407 409.765008356 -0.0594704872957 -0.067734511968 -0.081489755567 0.992589903619 50.0 1626.0
1536071752184422330 -37.640486644 81.3664278293 409.430107259 -0.0381458287729 -0.060329355293 -0.103619794459 0.992052520199 50.0 1627.0
1536071752251120560 -37.423441215 80.2731614979 410.746805974 -0.0315193603235 -0.065116278758 -0.0672601912611 0.995109273817 50.0 1628.0
1536071752318982093 -37.2979733401 79.3814314487 411.982645709 -0.0245496564242 -0.083169519773 -0.0337946060986 0.995659615506 50.0 1629.0
1536071752385022639 -37.3493438281 79.1907310548 412.222492978 -0.0256136534072 -0.0817133975117 -0.029475924255 0.995890571958 50.0 1630.0
1536071752450845799 -37.8046975986 79.2223328668 412.110673732 -0.0397549139438 -0.0833745305949 -0.0361651175992 0.995067997041 50.0 1631.0
1536071752519579268 -38.0989973749 79.8531899965 411.329303256 -0.0498286742463 -0.0779511876972 -0.0594811465639 0.993932949833 50.0 1632.0
1536071752584406511 -37.9921827205 80.3558881983 410.607331061 -0.0479756358721 -0.0883858831698 -0.0782276859746 0.991850141486 50.0 1633.0
1536071752650860449 -37.4958189204 80.604418895 410.328224141 -0.040090299551 -0.0838056599316 -0.0838041094424 0.99214225315 50.0 1634.0
1536071752718817828 -37.006794735 80.7008310731 410.187736344 -0.028849796644 -0.0766909090496 -0.0794907949269 0.993462333068 50.0 1635.0
1536071752784414407 -36.6231962488 80.3683484532 410.563381314 -0.00866618820582 -0.0875687188133 -0.103798119843 0.990698020077 50.0 1636.0
1536071752854047750 -36.4972250512 79.9324485895 411.317299224 -0.00806905155946 -0.0889288079338 -0.0532652409226 0.994579997605 50.0 1637.0
1536071752917799060 -36.9214020992 79.575081034 411.750592244 -0.0217097539685 -0.0831191608925 -0.0465491510796 0.995215086405 50.0 1638.0
1536071752984412450 -37.5747762232 79.5156876486 411.745186618 -0.0422354807201 -0.0926678045167 -0.0221113899708 0.99455514106 50.0 1639.0
1536071753052207055 -38.2097616372 79.9692418699 411.170390156 -0.0627058701055 -0.0896574400027 -0.0459334154127 0.992934861235 50.0 1640.0
1536071753117819929 -38.1670478102 80.976881827 409.914896531 -0.059961222901 -0.0905229430048 -0.101098320372 0.988933454867 50.0 1641.0
1536071753184430680 -37.8045606512 81.6003927912 409.28346261 -0.0555127786353 -0.084487754948 -0.0729024680846 0.992202288255 50.0 1642.0
1536071753252142446 -37.3483881318 81.7184267771 409.061504469 -0.0419480345349 -0.0776893888011 -0.114999951339 0.989434046543 50.0 1643.0
1536071753317964028 -36.8989792942 81.3106679704 409.554852269 -0.0246496253758 -0.0830045958517 -0.0964412357466 0.991565288362 50.0 1644.0
1536071753385329969 -36.748401902 80.4972592007 410.604165282 -0.0199381350129 -0.0848793661808 -0.0723522256772 0.993560828238 50.0 1645.0
1536071753452691032 -37.2347256841 79.8043273093 411.438947163 -0.0348576968505 -0.0916217233451 -0.0332618364658 0.994627594136 50.0 1646.0
1536071753517955903 -37.8541796659 79.7676403226 411.527381798 -0.0476188445391 -0.0962724950673 -0.0646062138205 0.992113949843 50.0 1647.0
1536071753584501914 -38.138590487 80.5315557432 410.449487022 -0.0645184046905 -0.0870779798625 -0.0694677818963 0.991679902064 50.0 1648.0
1536071753652149411 -37.5086454025 82.0387759875 408.663927576 -0.0454217413644 -0.0907025703376 -0.117678752348 0.987857085003 50.0 1649.0
1536071753717819220 -36.7178432941 82.8265484065 408.103658975 -0.0276168312403 -0.0756331352929 -0.149666760384 0.985452586538 50.0 1650.0
1536071753785074856 -36.3208991986 82.2918148981 408.613716524 -0.0139362464515 -0.079076381465 -0.139580417385 0.986949853849 50.0 1651.0
1536071753852570864 -36.4434066937 81.3853445728 409.581760177 -0.0204058625853 -0.0851433481574 -0.0777092597476 0.993124102006 50.0 1652.0
1536071753917954287 -37.1524634119 80.2618471717 410.759161849 -0.0358480196087 -0.0920274095838 -0.0661003975945 0.992913195004 50.0 1653.0
1536071753985134275 -38.1431167711 79.8005900198 411.462886714 -0.0648048917078 -0.0960252768387 -0.0329333212747 0.992720941941 50.0 1654.0
1536071754052562542 -38.9058274748 80.0630079112 411.064229762 -0.0930457425437 -0.0957113543359 -0.00532016606752 0.991036589778 50.0 1655.0
1536071754118012834 -38.8352562896 80.7885566141 410.23031439 -0.0889415076117 -0.107808254566 -0.0782099102616 0.987091686931 50.0 1656.0
1536071754184433523 -38.2596632574 81.5724097724 409.350616696 -0.0752300306349 -0.10703357588 -0.118178086293 0.984336424219 50.0 1657.0
1536071754252862672 -37.4998703164 81.8954400866 408.894383424 -0.0533672250054 -0.105257460532 -0.15688351279 0.980540855708 50.0 1658.0
1536071754317898693 -36.833156469 81.5385074707 409.438201139 -0.0357670766469 -0.096793362539 -0.11653610694 0.987811265868 50.0 1659.0
1536071754385475272 -36.4157632654 80.6446386535 410.413794999 -0.0186174248722 -0.103550283939 -0.0894934552079 0.990414888651 50.0 1660.0
1536071754456191823 -36.5787241948 79.7488267725 411.654264917 -0.0263063149536 -0.0970606125768 -0.026203289714 0.994585643818 50.0 1661.0
1536071754518491327 -37.2631025036 79.3525766605 411.98172973 -0.0445989298407 -0.115206245386 -0.0345444195955 0.991738443117 50.0 1662.0
1536071754584505889 -37.5624129357 79.6752134506 411.421287639 -0.0574556746037 -0.106443668099 -0.0287834145466 0.992239943776 50.0 1663.0
1536071754652791145 -36.9528222954 80.8465135422 410.091611933 -0.0436883669622 -0.105274361543 -0.0843510248632 0.98989572178 50.0 1664.0
1536071754717845932 -36.3959594901 81.5669366182 409.335877456 -0.0300408625236 -0.10410747775 -0.118062167949 0.987076746841 50.0 1665.0
1536071754784465236 -36.1490824096 81.4999010367 409.425081758 -0.0219701884571 -0.109905174809 -0.110285075705 0.987560309777 50.0 1666.0
1536071754852848275 -35.616035383 81.5502019086 409.374673314 -0.00764230238029 -0.101653695809 -0.111151473029 0.988561313923 50.0 1667.0
1536071754917966112 -35.4145900968 80.92808929 410.044203342 0.00178605194693 -0.103967780458 -0.100816108308 0.989456225889 50.0 1668.0
1536071754985232947 -36.1950662216 79.8832681225 411.439937915 -0.0246152950146 -0.129891129918 -0.0239326906413 0.990933705118 50.0 1669.0
1536071755052701421 -37.514107341 79.3864620867 412.068144659 -0.0589343107632 -0.126891275197 -0.0266488865718 0.989805631494 50.0 1670.0
1536071755117831041 -38.0794585544 79.8653271185 411.254209678 -0.0783444129595 -0.120891501811 -0.0273605551682 0.989190981443 50.0 1671.0
1536071755184503734 -37.5305260128 81.329489679 409.605039233 -0.0674587046947 -0.104813372692 -0.0810485974778 0.98888553681 50.0 1672.0
1536071755252342765 -36.4156234267 82.5938317591 408.186118209 -0.035810572953 -0.0996884479466 -0.153225875262 0.982497657687 50.0 1673.0
1536071755317925672 -35.5445018003 83.2117939288 407.809340267 -0.0100013504589 -0.102152938153 -0.148860399993 0.983516818122 50.0 1674.0
1536071755385258694 -34.8961029936 82.9573775234 408.147010425 0.0124144887261 -0.101191235806 -0.143266112 0.984419136048 50.0 1675.0
1536071755453798362 -34.2895577913 82.3562400385 408.796893812 0.0360051505688 -0.108565453182 -0.11153787633 0.98715574944 50.0 1676.0
1536071755518619044 -34.2494313075 81.1065240508 410.055841851 0.0397998226841 -0.093536459652 -0.0809521542896 0.991520879027 50.0 1677.0
1536071755585553034 -34.7768442676 79.7301606777 411.817149391 0.0247637800021 -0.102715346463 -0.0381776963144 0.993669349585 50.0 1678.0
1536071755653084050 -35.9919798598 79.0567391752 412.743119113 -0.0115024590182 -0.114606877621 7.98736318805e-05 0.993344326333 50.0 1679.0
1536071755718820411 -37.3943541882 78.9319095443 412.682178891 -0.049055239907 -0.119793281362 -0.0186798412397 0.991410216162 50.0 1680.0
1536071755784457558 -38.3707656526 79.7803244085 411.488941892 -0.078955584017 -0.118799875526 -0.0408711195918 0.988929803834 50.0 1681.0
1536071755851761402 -38.389723383 80.9756651952 409.861568902 -0.0842539967585 -0.115193061602 -0.0719015597693 0.987148412495 50.0 1682.0
1536071755917861131 -37.339351337 83.4724289447 407.455129108 -0.0651407583202 -0.103338509445 -0.16046817585 0.979452805709 50.0 1683.0
1536071755984731544 -36.4927218372 85.0984393108 406.146423654 -0.0523248050077 -0.0857022628053 -0.225986563121 0.968941334767 50.0 1684.0
1536071756052587895 -35.6970266251 85.4607015317 406.11432642 -0.0233445455432 -0.109045415875 -0.22392548033 0.968205302985 50.0 1685.0
1536071756117969984 -34.7323129721 85.3282901405 406.276089767 0.00407890234757 -0.0906282804434 -0.195672516482 0.976464102583 50.0 1686.0
1536071756185732622 -34.0125058175 84.4712207639 406.905823902 0.0359121206994 -0.0948083331435 -0.209810388295 0.972471747927 50.0 1687.0
1536071756253593764 -34.2589345765 83.2435539585 407.969004409 0.0265895238319 -0.112595450453 -0.132250809995 0.984441458399 50.0 1688.0
1536071756319490981 -35.3057852978 81.4314582752 409.653386673 0.00271567521418 -0.116785918709 -0.134418480394 0.98401491169 50.0 1689.0
1536071756386489780 -36.7155705489 79.7957854004 411.377245701 -0.0405366271039 -0.131375422691 -0.0463602502293 0.989418014478 50.0 1690.0
1536071756457204864 -37.8868889844 79.3416493218 412.020399657 -0.0732956747641 -0.13118885148 -0.0333308588853 0.988082123689 50.0 1691.0
1536071756518814632 -38.6881377355 79.629463272 411.634740872 -0.0991760101557 -0.131235801962 -0.0350547173236 0.985754761635 50.0 1692.0
1536071756585244388 -38.9792205469 80.6284294571 410.382020362 -0.112650166754 -0.134509149771 -0.0603693469292 0.982635624486 50.0 1693.0
1536071756652459681 -38.5396566651 82.4460232758 408.373094311 -0.111285502452 -0.118010250588 -0.114190943155 0.980127311221 50.0 1694.0
1536071756718509818 -37.6279677837 84.0196721074 406.954527723 -0.0857773156774 -0.115127853573 -0.192181455625 0.970800761001 50.0 1695.0
1536071756785431413 -36.0742091301 85.0499894066 406.294211363 -0.0417249072149 -0.109786778205 -0.221563349823 0.968047301254 50.0 1696.0
1536071756853083937 -34.2091440209 85.9067421338 405.905993905 0.0206442374016 -0.106129884998 -0.230855569662 0.966962237592 50.0 1697.0
1536071756918848062 -33.2226917275 85.7229603541 406.175167129 0.0554324207943 -0.10034166331 -0.227995402515 0.966890321474 50.0 1698.0
1536071756986520403 -33.4161160241 83.8148058781 407.689991534 0.0445849808457 -0.106712847495 -0.175274866523 0.977703057594 50.0 1699.0
1536071757054116495 -34.3067814382 81.585468118 409.609094726 0.0189786447161 -0.125064239577 -0.0957600329243 0.987334169933 50.0 1700.0
1536071757119615164 -35.8584671035 80.0457392347 411.170988571 -0.024714770804 -0.126208645742 -0.066937088345 0.989434173681 50.0 1701.0
1536071757185562474 -37.5131961787 79.6000262541 411.705583733 -0.0682151200876 -0.134013674391 -0.0485488978167 0.98743609261 50.0 1702.0
1536071757253297748 -38.5582399036 80.6412873831 410.243932599 -0.102953758504 -0.131661562756 -0.0860365570988 0.982172829672 50.0 1703.0
1536071757318677411 -38.4888621449 82.4576528212 408.480599368 -0.109361509009 -0.131076079176 -0.112920310621 0.97882997771 50.0 1704.0
1536071757385278423 -37.3182055206 84.5187069056 406.731017536 -0.0714543915053 -0.115512741275 -0.21495766874 0.967131985402 50.0 1705.0
1536071757453593765 -35.9616922541 85.7859105783 405.671989954 -0.0358657976618 -0.101268484693 -0.256069783282 0.960669872878 50.0 1706.0
1536071757519084439 -34.7265889015 86.0533318516 405.782735588 -0.000947718149833 -0.104186848874 -0.248103042308 0.963114262562 50.0 1707.0
1536071757585704775 -33.9236328878 85.3475934789 406.512655531 0.0314350670646 -0.106368142754 -0.207719161183 0.971879830454 50.0 1708.0
1536071757654024784 -33.9039080648 83.6383298071 407.648862954 0.034100490377 -0.0968725136405 -0.183467500667 0.977646433459 50.0 1709.0
1536071757718944414 -34.5022028958 81.4385221382 409.694121609 0.0182677067391 -0.124034369764 -0.0974865939434 0.987308528277 50.0 1710.0
1536071757786113704 -36.0962296192 79.8113170844 411.476738755 -0.0247155043873 -0.141334453676 -0.0567631060687 0.988024122092 50.0 1711.0
1536071757853621917 -38.2821507566 79.4339198128 411.865120379 -0.0882253626343 -0.130472281768 -0.0115033725228 0.987451741352 50.0 1712.0
1536071757919136484 -39.391043722 80.6098960006 410.36163147 -0.123916826677 -0.128261744304 -0.077152174302 0.980938880367 50.0 1713.0
1536071757985453907 -39.1231127683 82.3633904766 408.468041609 -0.125805334762 -0.11836913106 -0.132351527714 0.976035265587 50.0 1714.0
1536071758053217083 -37.8733665673 84.0541958094 407.064574239 -0.0942966427953 -0.110871051949 -0.194700841855 0.970003781012 50.0 1715.0
1536071758118825630 -36.1913087124 85.0705827572 406.280988658 -0.042846576897 -0.103372208589 -0.224431327089 0.9680438713 50.0 1716.0
1536071758185792239 -34.2059140103 86.2983286579 405.799613217 0.0379038166978 -0.102581195169 -0.280437143109 0.953622256369 50.0 1717.0
1536071758317584751 -32.4929052542 83.7571781977 408.024751765 0.0892116778921 -0.115549160301 -0.170790020226 0.974433392835 50.0 1718.0
1536071758388985649 -33.1502822117 81.2277356355 410.361072257 0.0602578042875 -0.124665025385 -0.0963448922693 0.985669970224 50.0 1719.0
1536071758453363215 -34.8517596712 79.3136692102 412.348444972 0.011953137483 -0.129318505635 -0.0194077663781 0.991341104368 50.0 1720.0
1536071758518582358 -37.3278896648 78.7603404532 412.970801276 -0.0500970745509 -0.130657909923 -0.0336538628669 0.98958891021 50.0 1721.0
1536071758585996263 -39.8607804496 79.1906363519 412.395605054 -0.131232787893 -0.138920528255 0.0156285231153 0.981445256485 50.0 1722.0
1536071758651127809 -40.2641752868 80.6484850502 410.388312089 -0.163883614464 -0.140628412643 -0.0313854433772 0.975899976643 50.0 1723.0
1536071758717853439 -39.0101056673 82.916835621 408.02817736 -0.129955358133 -0.122388369319 -0.139833471263 0.973950354106 50.0 1724.0
1536071758785574032 -36.9820806977 85.6772148369 405.840092974 -0.0680071258091 -0.11918121841 -0.233611751374 0.962598783314 50.0 1725.0
1536071758851164621 -34.9732176681 87.9708217344 404.6601893 0.00116608491251 -0.111233505088 -0.3169366914 0.941900674825 50.0 1726.0
1536071758920335088 -33.5461009662 88.750034417 404.469940931 0.0457690490746 -0.102730886781 -0.304674814771 0.945793220684 50.0 1727.0
1536071758985781439 -32.3139167691 88.1021574277 404.977002378 0.0967633121151 -0.108522030686 -0.295989329609 0.944060457302 50.0 1728.0
1536071759053238545 -31.588042405 86.6583778152 406.41951023 0.112862047953 -0.100948178035 -0.244826975338 0.957669763348 50.0 1729.0
1536071759121382867 -31.4134033946 84.7702340203 407.569285997 0.115677797607 -0.115871865001 -0.170027434233 0.971742265032 50.0 1730.0
1536071759186684881 -32.0787253392 83.0822495566 408.683317175 0.0929917285434 -0.116440209838 -0.133749819595 0.979747519371 50.0 1731.0
1536071759253089821 -33.6679851951 81.4019424508 410.081267945 0.0430073294363 -0.122681912679 -0.0948751955873 0.986964140776 50.0 1732.0
1536071759320947459 -35.8126423749 79.7793945978 411.410167935 -0.0217449113658 -0.130009072875 -0.0264337033102 0.990921822915 50.0 1733.0
1536071759386452716 -38.3512736486 78.9615312137 412.589076682 -0.0868235087494 -0.134144994828 -0.00735395062365 0.987123456363 50.0 1734.0
1536071759452482090 -40.3138528836 79.2203581904 412.484488937 -0.140140926684 -0.128231032218 0.00281818249251 0.981788867778 50.0 1735.0
1536071759520824573 -40.7091867149 80.4390946255 410.787994338 -0.154701322689 -0.112214998811 -0.0615775846591 0.97963436846 50.0 1736.0
1536071759586561256 -40.264655016 81.9468681694 409.07176812 -0.155465540097 -0.104865335108 -0.0766655193963 0.979263052234 50.0 1737.0
1536071759651701587 -39.2965795969 83.1277695608 407.813587882 -0.127862830877 -0.0979217709876 -0.136298782192 0.977489163735 50.0 1738.0
1536071759719385446 -38.1875975034 83.1796568176 407.56021554 -0.0903709333126 -0.0962234240199 -0.164696038168 0.977470900894 50.0 1739.0
1536071759785279986 -36.4310373996 83.7726030963 407.231719285 -0.033042507644 -0.0963739794147 -0.168984534361 0.980338959711 50.0 1740.0
1536071759852151474 -34.3200002294 84.5486698466 406.888946302 0.0409997521954 -0.0867195851388 -0.198371863347 0.975421620483 50.0 1741.0
1536071759920368963 -32.6038641322 84.7091580252 407.141318377 0.0998304050277 -0.0873589087329 -0.194708437447 0.971849235059 50.0 1742.0
1536071759985582160 -31.796204379 83.1973738042 408.709675886 0.12819397356 -0.0904255052711 -0.134746524091 0.978382802069 50.0 1743.0
1536071760053072406 -31.6355069391 80.8842525379 411.330963584 0.128023059213 -0.0993699862451 -0.0566823973745 0.98515115996 50.0 1744.0
1536071760120362041 -32.8542947758 79.6678165542 412.466677015 0.0910190205876 -0.10010701603 -0.0347839934494 0.990194019893 50.0 1745.0
1536071760185666045 -35.0032243162 78.9270629406 412.894420518 0.0262042800056 -0.0955006294366 0.00219579850486 0.99508197851 50.0 1746.0
1536071760252095286 -37.3844384728 78.7233477786 412.908252316 -0.0404866188481 -0.0959942092224 0.00390365603002 0.994550504982 50.0 1747.0
1536071760322719304 -38.8349006448 79.7398771802 411.55603591 -0.0810431528319 -0.0821452848624 -0.0212438920565 0.993092572021 50.0 1748.0
1536071760385459771 -38.6634207873 82.2056958093 408.571963181 -0.0714410471527 -0.0677215516114 -0.133132896874 0.986197546133 50.0 1749.0
1536071760451550098 -37.9059526489 84.1191899327 406.807449483 -0.0459672386653 -0.0412163959509 -0.199291964906 0.977993320222 50.0 1750.0
1536071760519347500 -37.3158450025 84.8940563375 406.261101844 -0.0265033019021 -0.0476477499686 -0.225041349021 0.9728225214 50.0 1751.0
1536071760585670576 -36.1378461189 85.2415072861 406.067774213 0.00885718695731 -0.0536835356529 -0.231409147405 0.971333843092 50.0 1752.0
1536071760652615087 -33.8997693595 85.2531834458 406.420330633 0.0774960701049 -0.0626476095669 -0.22349448217 0.969597778759 50.0 1753.0
1536071760719889590 -31.8704922473 84.6699162823 407.399559127 0.144070125976 -0.0685909392852 -0.187718426025 0.96917535791 50.0 1754.0
1536071760786194128 -31.1905650038 83.2667233174 408.938400607 0.159971670783 -0.0711408011804 -0.117688892532 0.977495460618 50.0 1755.0
1536071760853042425 -31.3580752849 81.1310985722 411.195424935 0.1392783279 -0.0924614173411 -0.0524124807071 0.984533069809 50.0 1756.0
1536071760920352912 -32.4686844701 80.0977266565 412.234199914 0.0966067302142 -0.0822992650351 -0.034422338301 0.991316837988 50.0 1757.0
1536071760986187512 -34.5078799667 79.4084362294 412.279982203 0.0377840473232 -0.0940522829518 -0.0271862084018 0.994478478355 50.0 1758.0
1536071761052070470 -36.4787552966 79.1084427175 412.503846941 -0.0160757780694 -0.0928173593385 -0.0228513642857 0.995291074166 50.0 1759.0
1536071761118926144 -37.8246384937 80.1663920767 411.03280502 -0.0531126176673 -0.085263128209 -0.0658008372585 0.992763566328 50.0 1760.0
1536071761184469543 -38.3877108712 82.2883534336 408.440875249 -0.0744571761599 -0.0784235608313 -0.130834765385 0.985488781363 50.0 1761.0
1536071761251204609 -38.1996026331 84.0412482179 406.990858409 -0.0722196176969 -0.0717523614455 -0.18821540469 0.976837185453 50.0 1762.0
1536071761318788893 -37.2040853088 86.1797906066 405.525305651 -0.0421959753201 -0.0617661635435 -0.263937943909 0.961634651244 50.0 1763.0
1536071761385130917 -35.6576993248 87.9649081078 404.726521841 0.0129962209856 -0.0488270881104 -0.315963111474 0.947425103053 50.0 1764.0
1536071761453691868 -33.9457649655 88.5313013293 404.437961782 0.0789018107752 -0.06338431456 -0.308824245735 0.945719048222 50.0 1765.0
1536071761584982501 -30.6450463637 85.0305997883 407.676078586 0.162794542268 -0.108865507586 -0.179768061305 0.964017469966 50.0 1766.0
1536071761655591819 -30.1206469637 82.3841115626 410.513223122 0.168604252046 -0.0948964742245 -0.102898697379 0.975694175164 50.0 1767.0
1536071761720993891 -30.9414299751 80.3620194254 412.518087187 0.140577061681 -0.106569754318 -0.021748386985 0.984077225048 50.0 1768.0
1536071761786430103 -32.6835983119 79.1920453213 413.390688939 0.0897847875429 -0.104294054383 0.00477300857011 0.990473957525 50.0 1769.0
1536071761853826467 -35.1394042285 78.8386684363 413.113633019 0.0198149358401 -0.0993180367142 -0.00313331326433 0.994853495872 50.0 1770.0
1536071761918876537 -37.1466616977 80.0532548675 410.903159255 -0.0415292167485 -0.0966054260297 -0.062817101762 0.992470013423 50.0 1771.0
1536071761985452213 -38.2802977253 82.0964138716 408.81712209 -0.081308317473 -0.0759828671748 -0.165142349975 0.979971206542 50.0 1772.0
1536071762052696706 -38.2880757479 84.4228540963 406.750939036 -0.0811777048904 -0.0907796410193 -0.216434435375 0.968671963148 50.0 1773.0
1536071762118861794 -37.2569996672 86.4187321759 405.399978823 -0.0549438285969 -0.0873323457045 -0.243991915136 0.964272877583 50.0 1774.0
1536071762185752153 -35.4562182498 87.7738082848 404.857046684 -0.00191391113628 -0.0828819403513 -0.288790548753 0.953796068276 50.0 1775.0
1536071762256559406 -33.2429423178 88.212918651 404.846284033 0.064036311496 -0.0858758258802 -0.289557990422 0.951147130323 50.0 1776.0
1536071762385372206 -30.2212371234 83.2504157594 409.54036072 0.14221913376 -0.130600480485 -0.136162894088 0.97168765494 50.0 1777.0
1536071762455285160 -30.4830851038 81.1063554658 411.650764949 0.135713599375 -0.135058968862 -0.0531426880609 0.980059563792 50.0 1778.0
1536071762519814994 -32.0940665366 79.6324098482 412.965409117 0.0894014696893 -0.129006118134 -0.00920541338688 0.987562686145 50.0 1779.0
1536071762586194034 -34.6859995988 78.918297261 413.080692091 0.0178337771377 -0.126845630855 -0.00970269247756 0.991714676752 50.0 1780.0
1536071762654149635 -37.5245632875 78.5632712123 413.326658753 -0.0595057816441 -0.132815463355 0.0118749365707 0.989281608303 50.0 1781.0
1536071762720319795 -39.6810685587 79.2713750368 412.316269262 -0.122001324098 -0.120721567499 -0.0129461525861 0.985075823067 50.0 1782.0
1536071762785414521 -39.4900499403 81.5930248274 409.305312115 -0.128751989387 -0.115551289231 -0.0925361238209 0.980565087373 50.0 1783.0
1536071762852622723 -38.4546639511 84.129444345 406.8167988 -0.104004044736 -0.0992342493723 -0.209482083041 0.967188181956 50.0 1784.0
1536071762918727089 -36.7582707888 86.7323306898 405.123530965 -0.063207771326 -0.0821923908479 -0.252302862662 0.962077155962 50.0 1785.0
1536071762985562241 -34.6694253601 90.1061437384 403.632979357 0.0216604975103 -0.100960358524 -0.332966122816 0.937268045925 50.0 1786.0
1536071763117318001 -30.8369331858 85.8555758953 407.028946642 0.098689867631 -0.15020727514 -0.215625677934 0.95979354631 50.0 1787.0
1536071763186563187 -29.411515256 84.1029144738 409.191120049 0.150663990992 -0.165324568985 -0.160739405032 0.961317321376 50.0 1788.0
1536071763252023384 -28.7557843772 82.1840555814 411.644820649 0.173113994 -0.162419425895 -0.0577576452166 0.969698679793 50.0 1789.0
1536071763318797086 -29.3386542647 79.8411712314 414.675073163 0.155841877603 -0.168478116933 0.0241897728044 0.973007342311 50.0 1790.0
1536071763387401214 -30.6902410901 78.6779929432 415.803116723 0.120866278412 -0.164920803974 0.0519162405367 0.977495358111 50.0 1791.0
1536071763452266806 -32.945060947 77.5456514389 416.920147442 0.0579688554326 -0.170667522582 0.0887140653535 0.979613200781 50.0 1792.0
1536071763517917714 -35.6037124574 76.7453669384 418.009743416 -0.0135731453113 -0.185472245484 0.126240108061 0.974412259261 50.0 1793.0
1536071763586409913 -38.3373273183 76.4464153488 418.743114545 -0.0822335271427 -0.188891728439 0.159188223404 0.965513682695 50.0 1794.0
1536071763651745701 -40.3769482296 76.7925848521 418.231609395 -0.138258231483 -0.185897900617 0.149450444996 0.961244608028 50.0 1795.0
1536071763718300953 -41.1187936377 77.4330567589 416.372601829 -0.168291002904 -0.192960114226 0.114629532694 0.95984613501 50.0 1796.0
1536071763785402989 -41.3612178416 78.0929183728 415.014200517 -0.18556661473 -0.188438923465 0.0894334494751 0.960238231761 50.0 1797.0
1536071763851039388 -41.5396543406 78.6221236301 413.953064642 -0.201825373674 -0.184740497144 0.0829984678851 0.958252952818 50.0 1798.0
1536071763916726858 -40.9364858728 79.5732917686 412.13833181 -0.19303622433 -0.180668843601 0.00127747455027 0.964413890976 50.0 1799.0
1536071763984835601 -40.1178284446 80.8987507395 410.208457334 -0.187781871604 -0.182217771902 -0.0569878954785 0.96347653426 50.0 1800.0
1536071764049994520 -39.2109106094 82.4724767733 408.31113153 -0.185229441963 -0.172056421496 -0.0907329502536 0.963251874325 50.0 1801.0
1536071764116815344 -38.5912631103 83.5861510034 407.467691659 -0.158551866401 -0.177643741932 -0.193317141783 0.951804858837 50.0 1802.0
1536071764186422459 -37.9252837959 83.991943192 407.170330629 -0.143503672383 -0.189093883981 -0.17584197388 0.955368933593 50.0 1803.0
1536071764251071750 -36.8566604754 84.5328993551 406.685918418 -0.110808307909 -0.167374892266 -0.271958393013 0.941140689168 50.0 1804.0
1536071764317782128 -35.6814689407 84.7080868278 406.602121558 -0.08652288174 -0.170403056972 -0.210856161571 0.958653361877 50.0 1805.0
1536071764385507345 -34.4759006594 84.5155563439 406.932668033 -0.0500202389424 -0.167645798806 -0.224423240798 0.958658996113 50.0 1806.0
1536071764451561800 -33.1834449102 83.8774253414 407.695861553 -0.0079627188261 -0.195490076449 -0.188678666093 0.962351591717 50.0 1807.0
1536071764518745037 -32.3531277696 82.4563767281 409.256012037 0.013228432692 -0.203444221841 -0.135201266617 0.969616457509 50.0 1808.0
1536071764586367847 -31.8355243205 80.9021579216 411.40276138 0.0384730751325 -0.211808463308 -0.0818319637034 0.973118968615 50.0 1809.0
1536071764651956327 -32.1021771474 79.4469384577 413.323459878 0.0473513875723 -0.214017186334 -0.0235439405811 0.975397443564 50.0 1810.0
1536071764718906024 -33.4010254993 78.2762497363 414.772335284 0.0224905803696 -0.206610294284 0.0200975362726 0.977958306435 50.0 1811.0
1536071764786813553 -35.1778683942 77.6527914102 415.496355151 -0.0231746644663 -0.203164978643 0.0588527619967 0.977099421137 50.0 1812.0
1536071764853234277 -37.3222516487 77.4854471254 415.606728346 -0.0823687115087 -0.19312428256 0.080805294763 0.974365902107 50.0 1813.0
1536071764917791257 -38.8713866551 78.1180217763 414.209453173 -0.128180932925 -0.203931709395 0.0376629417392 0.969826277824 50.0 1814.0
1536071764985575858 -39.9299829719 79.0082053889 412.82639874 -0.1669032508 -0.191001783107 0.00819642967907 0.967261310227 50.0 1815.0
1536071765051105226 -40.2982688063 79.7466578475 411.84428442 -0.186725427657 -0.185409781808 0.00437995012711 0.964747450638 50.0 1816.0
1536071765117581250 -39.1229311646 80.9814220169 409.903804801 -0.157301879925 -0.172113652152 -0.0867419109921 0.968560194408 50.0 1817.0
1536071765185320617 -37.5624352977 82.2826095684 408.479685419 -0.119443409797 -0.179860508546 -0.138762823484 0.966503154749 50.0 1818.0
1536071765250344145 -36.1986690643 83.4472928456 407.435784251 -0.106590763486 -0.199022588072 -0.178841050325 0.957624298614 50.0 1819.0
1536071765317896344 -35.0730099045 83.7303462408 407.321504869 -0.0964800260411 -0.215372105258 -0.180661267422 0.95481305359 50.0 1820.0
1536071765385952451 -33.892255416 83.9063621629 407.631838262 -0.0626835885925 -0.223961915726 -0.199562652964 0.951885799646 50.0 1821.0
1536071765451370725 -32.4186386542 84.3025895985 407.639283184 -0.0275923153815 -0.230869561367 -0.185985640432 0.954645091811 50.0 1822.0
1536071765518528269 -31.0840101478 83.6357655738 408.785650816 0.0288166991484 -0.243731297926 -0.20977167581 0.946446245853 50.0 1823.0
1536071765586570821 -30.0040914158 82.3498931316 410.543786837 0.0525488442984 -0.274340553502 -0.146566626889 0.948943677754 50.0 1824.0
1536071765652052758 -29.7512698915 80.7811662922 412.55814412 0.0584304332306 -0.290926472316 -0.0642604609521 0.952794975499 50.0 1825.0
1536071765784557254 -31.7546141309 79.0149713268 414.41327612 -0.00944708267101 -0.319896788125 -0.00299478483315 0.947400564091 50.0 1826.0
1536071765852818922 -33.0580983437 78.7720583006 414.044515111 -0.0464322739662 -0.318132544399 -0.00697709180254 0.946882806011 50.0 1827.0
1536071765919631614 -34.371536363 78.7672891313 413.515518899 -0.0838657241164 -0.31981415157 -0.002923328096 0.943756802851 50.0 1828.0
1536071765984592173 -34.5609763796 79.849723113 411.712063801 -0.109245071121 -0.316202573386 -0.066758676206 0.940013152127 50.0 1829.0
1536071766050923228 -32.9673980559 82.2194953974 409.284075103 -0.10315249858 -0.3316412002 -0.15568867052 0.924734942694 50.0 1830.0
1536071766382426587 -25.7522803135 85.3635210138 411.006937462 0.0921416857852 -0.376329687552 -0.182554690308 0.903636907753 50.0 1831.0
1536071766452524188 -25.1384232869 84.0119843613 412.977465109 0.136661983433 -0.376937003484 -0.156607193023 0.902616299865 50.0 1832.0
1536071766517772789 -25.82161092 82.5601349986 414.060706199 0.136166529172 -0.368472207856 -0.113732068949 0.912552423077 50.0 1833.0
1536071766587358380 -26.9874336622 81.2571198919 414.714616245 0.0967890411994 -0.372979214094 -0.0433037485842 0.92176090865 50.0 1834.0
1536071766652846065 -28.2756756374 80.6495123973 414.163749713 0.0638431940067 -0.369856427437 -0.0697740222867 0.924262871415 50.0 1835.0
1536071766718630786 -29.7204808181 80.4322512001 413.070268114 0.0112768096249 -0.361761960409 -0.052729176674 0.930709810571 50.0 1836.0
1536071766786510379 -30.9592212104 80.6209602067 412.292782552 -0.0227966817077 -0.345746469835 -0.0889266789692 0.933826394823 50.0 1837.0
1536071766852671073 -31.927093364 80.7002208435 411.388908296 -0.0599520526678 -0.345406517931 -0.0828585355264 0.932863629821 50.0 1838.0
1536071766917830390 -32.2271610544 82.1181598909 409.806817921 -0.0757281637159 -0.335385832702 -0.144177584029 0.927897846051 50.0 1839.0
1536071766986372797 -31.6792527597 84.1936322151 407.933630961 -0.0841262133379 -0.324937527759 -0.22039071139 0.915841862778 50.0 1840.0
1536071767250343936 -26.6011976604 84.2559361108 410.930969409 0.0433516775 -0.401720958131 -0.171428798923 0.898528280443 50.0 1841.0
1536071767384416122 -27.4570061337 79.1886722519 418.861639853 0.091995094491 -0.437587486287 0.0256392273291 0.894089886117 50.0 1842.0
1536071767454029736 -28.9798104016 78.3929856425 418.633239219 0.0474897150874 -0.435115158572 0.0456798889167 0.897960396393 50.0 1843.0
1536071767518791026 -30.661105727 77.8824140274 418.08750053 -0.0258448220555 -0.477222344012 0.0548893902775 0.876685824217 50.0 1844.0
1536071767585457252 -31.8538388718 77.6530213416 417.545198153 -0.0696879106759 -0.482121306342 0.0631396064995 0.871043070788 50.0 1845.0
1536071767653088090 -32.3218005389 77.9078017964 416.443850891 -0.0880016765809 -0.486215149961 0.00777015095954 0.869361925565 50.0 1846.0
1536071767717778790 -32.1532092062 78.5624109471 414.889925996 -0.111248131317 -0.481102185369 0.00380501191345 0.869568894566 50.0 1847.0
1536071767784846831 -31.195358456 79.9179575676 412.877149939 -0.114563842964 -0.464279354197 -0.0500643853116 0.876820029695 50.0 1848.0
1536071767854544762 -30.3147351247 81.4758319756 411.378868893 -0.0976830778103 -0.447771236165 -0.138486704378 0.877940982688 50.0 1849.0
1536071768316795077 -26.8213277234 81.2931198497 414.942025811 0.0510018792163 -0.445092512874 -0.0799267629161 0.890451108073 50.0 1850.0
1536071768387527645 -28.8563291092 79.4647695473 415.887283595 0.00680897798317 -0.445649190831 -0.00354295281586 0.895174778474 50.0 1851.0
1536071768453078080 -30.9820253646 78.4659047402 416.141643035 -0.0311771674881 -0.429829917622 0.00289284095364 0.902366808796 50.0 1852.0
1536071768518621915 -32.8634731541 78.0775529807 415.572245133 -0.0837175058734 -0.428496529469 0.0155802859222 0.899521738556 50.0 1853.0
1536071768586403503 -34.2614859175 78.5040143237 414.017273559 -0.128584402794 -0.413482600284 -0.0217113175894 0.90112530167 50.0 1854.0
1536071768652075769 -35.2974401578 79.0712340809 412.648438943 -0.175047092742 -0.409159520014 -0.021588951856 0.89525466749 50.0 1855.0
1536071768717817374 -35.7647269059 79.7682359548 411.429597497 -0.202712078871 -0.402928675041 -0.0404781242119 0.891581638085 50.0 1856.0
1536071768785524395 -35.5593618444 80.7278733526 410.277640088 -0.214391782415 -0.394969709689 -0.0688440469093 0.890671426097 50.0 1857.0
1536071768851119785 -35.0668625557 81.3657489915 409.719658541 -0.21387488718 -0.398638048409 -0.0820311552373 0.888040612002 50.0 1858.0
1536071768917919944 -33.5991273657 82.0777036558 409.281136436 -0.182940479386 -0.393632104281 -0.130339268418 0.891402390949 50.0 1859.0
1536071768985941614 -31.3231046088 83.2290187099 408.774772302 -0.142642393414 -0.395689133182 -0.136392793287 0.89692823761 50.0 1860.0
1536071769316774356 -25.7131022309 81.3831077404 416.280557022 0.0987847398898 -0.455882574104 -0.0569731248495 0.882704206877 50.0 1861.0
1536071769450256738 -28.6746992556 78.1671387009 420.801969977 0.0612685763913 -0.475675659883 0.0834529318683 0.873506975533 50.0 1862.0
1536071769518426057 -31.0776082553 77.1595612932 421.443161315 0.00455082775995 -0.474299589268 0.112729726344 0.873104345646 50.0 1863.0
1536071769584468585 -33.0805033998 76.6411605996 420.354685481 -0.0528262267793 -0.482146106933 0.11482171859 0.866925887417 50.0 1864.0
1536071769651315634 -33.9649384195 76.9653735598 418.003247654 -0.095065775701 -0.466748468432 0.0726086236784 0.876262719322 50.0 1865.0
1536071769720619208 -34.7371053224 77.4256425816 416.254540489 -0.136734721583 -0.45973137926 0.0440521502104 0.876361844731 50.0 1866.0
1536071769784407793 -34.4439941505 78.8290825083 413.314065972 -0.166321750226 -0.441121354063 -0.0242026595089 0.881568634687 50.0 1867.0
1536071769851114223 -33.768918659 80.3335563657 411.157983324 -0.175230642084 -0.429595369872 -0.0862117623592 0.881651616167 50.0 1868.0
1536071769918415242 -32.1067289579 82.3041208271 409.607803942 -0.156630594699 -0.426347781225 -0.1566656847 0.877012137594 50.0 1869.0
1536071769985840699 -30.0663051433 84.0280867561 408.885171444 -0.12000631228 -0.439256225751 -0.211231314357 0.864889464028 50.0 1870.0
1536071770317807872 -24.6163658764 85.9562101031 411.509326781 0.124634064992 -0.394775446455 -0.183591008975 0.891578957885 50.0 1871.0
1536071770452271311 -26.3695234078 80.870036539 416.478355875 0.124560188809 -0.37680418369 -0.0206259413931 0.917648046399 50.0 1872.0
1536071770519612247 -28.1170372659 79.0884299429 418.025258325 0.0912629961955 -0.390210603414 0.0330883017298 0.915593749868 50.0 1873.0
1536071770585406388 -30.6305866032 77.634782893 418.85984856 0.0300722469445 -0.39372413912 0.0870635657969 0.914602043377 50.0 1874.0
1536071770653161341 -33.1956333674 76.9613434495 418.677195147 -0.0342475178033 -0.384964851648 0.100271388322 0.916828674946 50.0 1875.0
1536071770718390990 -34.8670376563 77.038725716 417.245003092 -0.0870226410016 -0.376183497397 0.0850024469178 0.918524697685 50.0 1876.0
1536071770784931430 -35.7933007974 77.387205858 415.998417434 -0.118013668688 -0.372735201178 0.04945367761 0.919073216657 50.0 1877.0
1536071770852568116 -35.7530335742 78.4198702888 413.682042047 -0.144102826788 -0.362895047041 0.00768207553556 0.92058815214 50.0 1878.0
1536071770917805834 -35.5300592067 79.3079176316 412.292576934 -0.159328521586 -0.361126014644 -0.035255817776 0.918128232367 50.0 1879.0
1536071770984960465 -35.0355381262 80.101048117 411.173760038 -0.164029184478 -0.376312506259 -0.068051445865 0.909314205865 50.0 1880.0
1536071771052213033 -33.8338166015 80.936378176 410.334502258 -0.149181225352 -0.364714259412 -0.0935298107077 0.914319772012 50.0 1881.0
1536071771117776840 -32.1570616136 82.057820929 409.64683398 -0.110690195232 -0.371683161251 -0.124352463006 0.913310337873 50.0 1882.0
1536071771184689576 -30.1644964837 83.9822997366 408.746324204 -0.076663943497 -0.364615617285 -0.16880565885 0.912514515468 50.0 1883.0
1536071771253045128 -28.9332509637 84.7587137403 408.840194226 -0.0276349713761 -0.362680096322 -0.209047618896 0.907743658267 50.0 1884.0
1536071771318083220 -28.0761964393 84.7784972234 409.413529208 0.0154686364888 -0.366931183323 -0.222266153299 0.903172179093 50.0 1885.0
1536071771387380290 -27.4247225016 84.8060416441 409.778042698 0.0502668884253 -0.359794388858 -0.227125244379 0.903568127504 50.0 1886.0
1536071771452773140 -26.9822103222 84.9362811772 410.080197886 0.0706691675161 -0.346382495541 -0.215548187805 0.910254917196 50.0 1887.0
1536071771588964810 -26.9458749152 83.7030967219 411.339714297 0.0756851374389 -0.354759864606 -0.165696802517 0.917039676389 50.0 1888.0
1536071771653879568 -27.3057279019 82.6721063744 412.280805721 0.0634886492057 -0.385956957879 -0.144384092667 0.908933249404 50.0 1889.0
1536071771719815589 -28.052497592 81.5724282568 413.095041221 0.0308346678674 -0.391998694317 -0.100479566638 0.913942067967 50.0 1890.0
1536071771788019331 -28.7587906649 80.6906495612 413.614415887 0.00612496646027 -0.415090862917 -0.0618659802374 0.907653381417 50.0 1891.0
1536071771853024135 -29.032952931 80.7133230182 413.168585652 -0.0110403274131 -0.427194713448 -0.105817718776 0.897878275918 50.0 1892.0
1536071771919525262 -28.918873198 81.7105579661 412.019079345 -0.0340292948898 -0.446553147835 -0.141139280212 0.882899766015 50.0 1893.0
1536071774047043238 -29.2421509846 77.9132361515 420.930366203 0.0261478042036 -0.512254942732 0.0808374224077 0.854620662704 50.0 1894.0
1536071774247489326 -26.6479704611 80.1478603403 417.521203618 0.0967735728423 -0.429320122978 0.00231960299404 0.897949735256 50.0 1895.0
1536071774317428180 -26.6384551806 81.5962329127 414.33755229 0.0999015778708 -0.388560594088 -0.0419352990612 0.915031021416 50.0 1896.0
1536071774383209324 -27.0341028545 84.2656481752 410.638814974 0.116889563252 -0.30568455831 -0.160016278888 0.931283292723 50.0 1897.0
1536071774453522278 -28.0614983201 85.7406992553 408.656618787 0.112724660693 -0.256777015306 -0.197485521562 0.939339227359 50.0 1898.0
1536071774518809331 -29.3882363802 86.5655601094 407.320903928 0.108307443323 -0.187566604518 -0.229236110839 0.94896737145 50.0 1899.0
1536071774586412111 -31.0564451899 87.997881908 405.709062783 0.110941281244 -0.138973322589 -0.261516691265 0.948676693039 50.0 1900.0
1536071774654166405 -31.8986276525 88.6221155206 405.068841105 0.0995604041062 -0.128906747667 -0.280052981533 0.946066120244 50.0 1901.0
1536071774719565319 -33.1680004072 87.6457217576 405.252243943 0.0769621330426 -0.0824157226159 -0.275747658567 0.954592953849 50.0 1902.0
1536071774787502017 -34.8617442164 85.4464066757 406.305363923 0.0512210087484 -0.0510215072374 -0.218568007645 0.973139887219 50.0 1903.0
1536071774855081813 -36.5909693397 83.6897193141 407.20090094 0.0330624917131 -0.0302319493067 -0.208108756057 0.977079140364 50.0 1904.0
1536071774919597081 -38.7895508403 83.6247097457 407.262641691 0.0266792118225 0.0413492524714 -0.18097363898 0.982256077085 50.0 1905.0
1536071774986528974 -41.017402754 83.8722582808 407.507990583 0.0339111645723 0.155205515928 -0.199947200797 0.96684145424 50.0 1906.0
1536071775054227967 -42.2123065686 83.7663112148 407.790053636 0.0486224419871 0.190481982446 -0.205152373403 0.958783070452 50.0 1907.0
1536071775119934541 -43.2599645809 83.7274146867 408.427195277 0.0298726353766 0.235427015361 -0.192803937956 0.952107340379 50.0 1908.0
1536071775187486420 -45.2229066644 84.1791495418 408.885151602 -0.00679537406873 0.286238422624 -0.209047792764 0.935051019274 50.0 1909.0
1536071777384467954 -40.6760408817 81.4831316129 409.891954225 0.00380627556001 0.160992986613 -0.113691012611 0.980378051661 50.0 1910.0
1536071777717427601 -38.849842522 81.9142129882 409.530477281 0.0967842726845 0.224153420201 -0.127741504786 0.96128567904 50.0 1911.0
1536071777786897414 -38.8815274034 80.5927273506 410.417242236 0.109509450391 0.187669216367 -0.081412398315 0.972707544385 50.0 1912.0
1536071777851800801 -39.155826409 79.5283672448 411.725899515 0.0985828797713 0.195021379827 -0.0526582520675 0.974410173241 50.0 1913.0
1536071777918431989 -39.7421160886 79.4016001394 412.077122369 0.0832031209618 0.197730374464 -0.0383886301187 0.975964268175 50.0 1914.0
1536071777986379895 -40.6079347355 79.2577928447 412.743199191 0.0585457853563 0.238680025846 -0.0369635974061 0.968626826361 50.0 1915.0
1536071778051601715 -41.4924264952 79.185286365 413.174848623 0.0361766048604 0.237525945438 -0.0327650669432 0.970154177898 50.0 1916.0
1536071778117528921 -42.3705416581 79.2314483493 413.338461414 0.0176144227692 0.241335969749 -0.0315430498689 0.969768899182 50.0 1917.0
1536071778185556997 -43.0588431973 80.4357900523 411.960195845 0.0129677281425 0.247420681091 -0.0684238459788 0.966402101559 50.0 1918.0
1536071778251232813 -43.1534857852 81.1646169634 410.731867892 0.0207469981107 0.230558686679 -0.110713017686 0.966516881271 50.0 1919.0
1536071778317874054 -43.1548581033 82.4223366078 409.348631216 0.0263367217309 0.240721136951 -0.159770818308 0.956991638903 50.0 1920.0
1536071778449301199 -41.5499942355 82.2473173452 409.165644803 0.0757889654971 0.227610496763 -0.149684548866 0.95918925677 50.0 1921.0
1536071778517816116 -40.0461353538 81.9574891218 409.067555191 0.113966435487 0.240413546799 -0.135216207813 0.954426296391 50.0 1922.0
1536071778585837453 -38.355460754 80.7967527985 410.112328042 0.146401685763 0.237620750589 -0.0909843262638 0.955941827555 50.0 1923.0
1536071778651011768 -37.9008397826 79.7413410272 411.493789677 0.153457807795 0.226452112 -0.0591478512359 0.960037329426 50.0 1924.0
1536071778717799354 -38.5282243097 78.9381128303 412.839137495 0.114583189973 0.231074784549 -0.0112610407928 0.966099542222 50.0 1925.0
1536071778785569021 -39.8930860381 78.7501793156 413.512958439 0.0636301150503 0.227110098728 -0.00930992756343 0.971743555041 50.0 1926.0
1536071778914808421 -42.1304991016 80.6011556405 411.227047502 0.0196551763839 0.223430778765 -0.086095104845 0.970711076512 50.0 1927.0
1536071778985378702 -41.930625959 81.9407464972 409.475580482 0.0453795393302 0.199850635765 -0.140430759219 0.968648348298 50.0 1928.0
1536071779115791968 -40.7297875667 82.443989619 408.791596747 0.0709617624032 0.197762005422 -0.152309209012 0.965741436586 50.0 1929.0
1536071779189385342 -40.0916477586 82.3622800773 408.905586757 0.0817176828826 0.208872579308 -0.17052220361 0.959487698719 50.0 1930.0
1536071779250967737 -39.3159614909 80.6153107824 410.426431623 0.0904402600885 0.176147336314 -0.078100486044 0.977083921342 50.0 1931.0
1536071779318014942 -39.43563372 79.2164456638 412.405423081 0.0624383486424 0.166110033675 -0.0279988745362 0.983730131874 50.0 1932.0
1536071779385904152 -40.352757269 79.2215441083 412.539327336 0.0311703194269 0.166293401657 -0.0335606952738 0.985011977331 50.0 1933.0
1536071779452300456 -41.707860458 80.1247527153 411.555894034 -0.00111348759796 0.15864205623 -0.0897427687937 0.983248541107 50.0 1934.0
1536071779517792720 -42.2077797563 81.9858860728 409.532255398 -0.000300136956753 0.145829088861 -0.137462977925 0.979713078641 50.0 1935.0
1536071779586350129 -41.8182246162 83.5688365944 407.790177272 0.0135999539275 0.152628935571 -0.183151832038 0.971068924279 50.0 1936.0
1536071779651109906 -40.7570604943 84.1635588367 407.17092419 0.0437956094242 0.136960411573 -0.203128438846 0.968536332612 50.0 1937.0
1536071779718744335 -39.2234004427 83.0912020354 407.768744392 0.0745989853428 0.138085850631 -0.175301848614 0.971924148848 50.0 1938.0
1536071779787249132 -38.0061161872 81.5756502947 409.116781645 0.101123136955 0.136744251202 -0.127109472144 0.977199213583 50.0 1939.0
1536071779852004629 -37.1302205376 79.5201647134 411.720917442 0.10173582619 0.135149098749 -0.0321276334791 0.985064646581 50.0 1940.0
1536071779917828141 -37.7902228463 78.0304450588 414.514266495 0.0593437559628 0.125884984501 0.044126444184 0.989284663901 50.0 1941.0
1536071779986893555 -39.3414394474 77.7911109613 414.990260918 0.0198895079936 0.119534434858 0.0472337192249 0.991506380274 50.0 1942.0
1536071780051228073 -40.9716468824 78.2224319755 414.534470052 -0.0173919229712 0.134441105648 0.0218146548335 0.990528763319 50.0 1943.0
1536071780117767948 -42.1496395261 79.158212716 413.387769236 -0.0408421938221 0.14011948984 -0.018739374328 0.989114391575 50.0 1944.0
1536071780186193882 -42.5694174758 80.3326427528 411.6484725 -0.0421035433203 0.163586535997 -0.0802618549829 0.982356743508 50.0 1945.0
1536071780251023424 -42.355944598 82.7981339067 408.570967021 0.00218216667347 0.160490978848 -0.14614084682 0.976156102653 50.0 1946.0
1536071780383418939 -41.0332372492 84.4844817627 406.947572485 0.0549930288443 0.152321118031 -0.229258523024 0.959799235987 50.0 1947.0
1536071780451378032 -40.183459467 84.5504112407 406.66186609 0.0911005682234 0.156562328972 -0.209023379441 0.96098811151 50.0 1948.0
1536071780519916471 -38.9724893476 82.9357006284 407.941046854 0.114020927356 0.175168082019 -0.18758543903 0.959753652888 50.0 1949.0
1536071780585220312 -37.9766372571 80.8886800686 410.067419454 0.129655062301 0.159948432085 -0.0667793973909 0.976292259509 50.0 1950.0
1536071780652328280 -37.7997282871 79.1396005208 412.332794671 0.117581697612 0.19706139161 -0.0161403366049 0.973180785804 50.0 1951.0
1536071780719809773 -37.81161654 77.8986896846 414.46742034 0.098346556793 0.175824492275 0.0470808632447 0.978364500071 50.0 1952.0
1536071780785170315 -38.8262208541 77.5197926079 415.657329975 0.0552724669139 0.179754584434 0.0650553747214 0.980000531631 50.0 1953.0
1536071780851067277 -40.7303502587 77.6695612535 416.024146006 0.002075557474 0.196240034604 0.0614177996854 0.978628323094 50.0 1954.0
1536071780919942617 -42.9891344746 78.3384746802 415.682919812 -0.0293716803702 0.250634594448 0.025773122678 0.967292794662 50.0 1955.0
1536071780984389963 -44.6424931787 79.2204763386 414.745355508 -0.0325726997364 0.27515732771 -0.0189053631195 0.960661257408 50.0 1956.0
1536071782379683490 -40.987294634 81.3992268309 410.161361035 0.100236313718 0.29680779857 -0.115795575538 0.942575830799 50.0 1957.0
1536071782449671899 -39.6967036447 80.6727930995 410.504848953 0.112466064055 0.248850138949 -0.0715978686712 0.959322019961 50.0 1958.0
1536071782515171551 -39.5613591979 80.5793829775 410.664508287 0.108665848822 0.236557218925 -0.0766675631704 0.962473116628 50.0 1959.0
1536071782649562237 -41.0688548969 80.734555178 410.567779025 0.0591414504539 0.202508264711 -0.0980829950309 0.972559724463 50.0 1960.0
1536071782849954831 -41.5948900072 82.6439197892 408.897165914 0.0126984383787 0.162836519481 -0.154933652522 0.974329811153 50.0 1961.0
1536071782917931566 -41.5845865366 82.2692448934 409.001678911 0.0250130876915 0.170323829427 -0.149975385671 0.973586936162 50.0 1962.0
1536071782989523897 -41.4210251635 81.5188964381 409.917580017 0.0279266177044 0.193207350501 -0.119075142425 0.973505076614 50.0 1963.0
1536071783052156692 -41.4405413184 81.0935854821 410.454958415 0.0270484175566 0.184457934695 -0.106454597691 0.976683711375 50.0 1964.0
1536071783117742916 -41.3478969904 80.9693814698 410.552722118 0.0278791483283 0.172690173168 -0.0846010935109 0.980940116499 50.0 1965.0
1536071783185404845 -41.0512633529 80.8359938826 410.568410869 0.0325530131443 0.179779185776 -0.0967760486102 0.978393653962 50.0 1966.0
1536071783251155412 -41.1158555155 80.5904246499 410.813436243 0.0391314053619 0.187612238267 -0.0844696492964 0.977821691064 50.0 1967.0
1536071783317397279 -41.2889629615 80.4816080841 411.136338702 0.0422164354671 0.209613149977 -0.0894875450702 0.972765171668 50.0 1968.0
1536071783385420388 -41.2467374478 80.2053975031 411.446248899 0.0523056305769 0.221502801555 -0.0698587427665 0.971246820315 50.0 1969.0
1536071783450611857 -41.2587946363 79.9275339151 411.74881832 0.0551970832348 0.218365625418 -0.0557576610528 0.972707982321 50.0 1970.0
1536071783516844474 -41.3930628422 79.6914319592 412.256523745 0.0406721027787 0.234020980954 -0.0556494899185 0.969785076602 50.0 1971.0
1536071783584510124 -41.7645441065 79.6572803699 412.486693065 0.036534245392 0.232431873764 -0.0443783100391 0.970912580293 50.0 1972.0
1536071783650597026 -41.982837207 79.3723788018 412.830246727 0.0274354845438 0.233517740062 -0.0427587982993 0.971024430399 50.0 1973.0
1536071783716838187 -42.2284264465 79.1552406602 413.218418423 0.0194786369925 0.23811800201 -0.0611370594079 0.969114368786 50.0 1974.0
1536071783848547378 -42.2949763077 78.9176533041 413.708033544 0.0137396837012 0.245544195603 -0.0209902524321 0.969060719666 50.0 1975.0
1536071783916622573 -42.6138950562 79.270285127 413.365019846 0.00963399227715 0.229953018611 -0.0159030723809 0.973024094107 50.0 1976.0
1536071783984564154 -43.0606926296 79.8615601926 412.618047728 -0.00725064503299 0.223663566592 -0.0614793605448 0.972698476072 50.0 1977.0
1536071784050188509 -43.4039371452 80.5326435068 411.954923261 -0.016415513689 0.220915318941 -0.0784554511629 0.971993670221 50.0 1978.0
1536071784116578597 -43.6336620225 81.7708300765 410.497463618 -0.0132537782575 0.222322291036 -0.122908112792 0.967104302586 50.0 1979.0
1536071784184616750 -43.2367634446 82.4001840427 409.54853059 0.00524935194057 0.226018121698 -0.159335356715 0.960989332443 50.0 1980.0
1536071784250128831 -41.9805069041 82.2080836088 409.302121793 0.0444247283252 0.217134904901 -0.148947686846 0.963687430223 50.0 1981.0
1536071784317620762 -40.6146467749 82.1155616602 408.943175033 0.09132591293 0.211911080959 -0.139220159971 0.963001048001 50.0 1982.0
1536071784385550299 -39.3681128488 81.0731774996 410.028475491 0.110205952101 0.215063072546 -0.098184787058 0.96538192988 50.0 1983.0
1536071784451872186 -39.1614206724 79.812188366 411.587194218 0.099489977772 0.218893386002 -0.0740041358069 0.967838218801 50.0 1984.0
1536071784519056944 -39.5262430521 78.7134105457 413.250407948 0.0784157524084 0.196764539306 0.0107938305353 0.977250315461 50.0 1985.0
1536071784585538344 -40.5073710207 78.1894471748 414.49397833 0.0334175361581 0.209183668621 0.0151064227069 0.977188445006 50.0 1986.0
1536071784650810819 -41.7060431631 78.373360505 414.771254214 0.000144638516112 0.206426392816 0.00497660879668 0.978449465631 50.0 1987.0
1536071784716783927 -42.4153694117 79.4234088856 413.117373852 -0.00595012808922 0.202959942496 -0.0333789532343 0.978599868792 50.0 1988.0
1536071784784476633 -42.6182325354 81.1965072842 410.707100396 0.0111802732369 0.216133214752 -0.0981058757142 0.971358158519 50.0 1989.0
1536071784850009924 -41.4065729777 81.7287820465 409.74926002 0.0475446511931 0.214974949932 -0.139134954188 0.965487825696 50.0 1990.0
1536071784916802834 -39.9185530949 81.1190390239 409.851767924 0.0900254481015 0.195709063567 -0.105317715825 0.970825195318 50.0 1991.0
1536071784987154486 -37.9560059572 80.5515256833 410.34898816 0.136889860508 0.202508521328 -0.0771539371042 0.966591296707 50.0 1992.0
1536071785050843063 -36.5028988481 79.9799392445 411.095857902 0.167025442636 0.189128782241 -0.0470556248171 0.966498097987 50.0 1993.0
1536071785116837321 -36.1850578816 79.1516330923 412.590980323 0.154559759975 0.188370663333 0.00079525212025 0.969859341021 50.0 1994.0
1536071785184582380 -37.0302016523 77.9448482632 414.538357576 0.110568019438 0.16519787942 0.0462255773609 0.978952281631 50.0 1995.0
1536071785250116179 -38.8395478926 77.520143874 415.696167109 0.0527324819549 0.16320507443 0.072441659357 0.982514933737 50.0 1996.0
1536071785316085865 -40.3546224827 78.1879829997 414.524221447 0.0154653027606 0.165103067018 0.0238141537748 0.985867479813 50.0 1997.0
1536071785384132516 -41.1896245477 80.1342582442 411.420667177 0.0236009022008 0.177533014687 -0.0726766719286 0.981143785318 50.0 1998.0
1536071785450032565 -41.4748568655 82.7843267697 408.594635252 0.0475377216373 0.192839294269 -0.181683257106 0.963091047458 50.0 1999.0
1536071785582947736 -39.7449743819 84.4336922772 406.808688989 0.129700881486 0.192229747245 -0.217167725892 0.948189635277 50.0 2000.0
1536071785650189739 -38.515323341 84.4135606097 406.597351975 0.175760091149 0.228945933459 -0.219938795122 0.931836399972 50.0 2001.0
1536071785718989476 -37.648207615 82.9256309367 407.778213507 0.211918038536 0.231476948137 -0.159939163945 0.935910589352 50.0 2002.0
1536071785849693723 -37.0412345347 79.7624973697 411.436133516 0.202476943106 0.268094293187 -0.0239064939252 0.941571567657 50.0 2003.0
1536071785982951647 -39.1794067227 78.546197282 413.508225885 0.112112884383 0.272003501779 0.000899869937857 0.955742636074 50.0 2004.0
1536071786052142127 -40.3227634015 78.4931093502 413.993711857 0.0636546986744 0.259528021259 -0.00831719222833 0.963599558858 50.0 2005.0
1536071786117877982 -41.7505468908 79.6128319871 412.450681204 0.0486591011515 0.247195860928 -0.0421513054341 0.966824578538 50.0 2006.0
1536071786183534477 -42.7741940532 81.2235702999 410.53065343 0.0387672414847 0.26643143268 -0.12487822582 0.954943360302 50.0 2007.0
1536071786381420754 -42.2662953157 82.7129012887 408.957514624 0.113168933748 0.282986497142 -0.188568148472 0.933570291007 50.0 2008.0
1536071786450940380 -41.0117973268 82.7766872796 408.466560599 0.138153091244 0.312019077245 -0.180028558102 0.922576575186 50.0 2009.0
1536071786516883857 -39.1959098405 82.8026814631 408.059447061 0.194034789021 0.275746422665 -0.152638891966 0.928986426002 50.0 2010.0
1536071786585570482 -37.2521834522 81.9015852482 408.820095359 0.215159710069 0.261168174045 -0.13620509313 0.931099165843 50.0 2011.0
1536071786849216416 -39.9172300618 78.2776824398 414.504922678 0.0806316958612 0.272162026683 0.032774321053 0.958306947034 50.0 2012.0
1536071786916815593 -41.5681536455 78.8285924215 413.886061116 0.0471194154121 0.271850167915 -0.00677582598782 0.961161451099 50.0 2013.0
1536071786984534710 -42.8883742098 80.502033973 411.573209355 0.0363185796062 0.259763239579 -0.0778920656677 0.961840343428 50.0 2014.0
1536071787249047516 -39.0442442603 83.5177142659 407.214660261 0.171031131702 0.232489185405 -0.192862761498 0.937817192147 50.0 2015.0
1536071787383499038 -33.4330325433 81.3421979705 409.914531715 0.267460117778 0.184895621239 -0.0853248823604 0.94180590309 50.0 2016.0
1536071787450439662 -32.3921397239 80.0128078745 412.104933076 0.260342934275 0.162016974985 0.00717680029163 0.951798586849 50.0 2017.0
1536071787518269675 -32.5921885033 79.5086709064 412.868085865 0.249609454388 0.163242194669 0.00875371922999 0.954447734849 50.0 2018.0
1536071787583622142 -33.574358392 79.0521697365 413.031464596 0.21844038189 0.131014255174 0.0199081354175 0.96681059709 50.0 2019.0
1536071787650044519 -35.76650612 78.688219737 413.216545766 0.153858486796 0.142776877717 0.0262774727106 0.977369849984 50.0 2020.0
1536071787717329325 -38.1540893472 78.9094070811 412.691405598 0.0889379128813 0.165793181944 -0.00773621634646 0.982111408869 50.0 2021.0
1536071787783423665 -39.7159870647 79.5037180095 412.104346367 0.0619304107321 0.161641618544 -0.0188213312495 0.984724514202 50.0 2022.0
1536071787850114029 -41.0298783579 80.7928790778 410.397143004 0.0394545480798 0.164542268232 -0.094337237839 0.981055383838 50.0 2023.0
1536071787981463791 -41.553507064 84.690861619 406.951123236 0.0737376538406 0.203722492464 -0.224240758831 0.950145244975 50.0 2024.0
1536071788115890147 -39.1563501582 85.1092949753 406.228030369 0.179490404458 0.202143546342 -0.226470072111 0.93575236458 50.0 2025.0
1536071788182523964 -37.4952128214 84.4133805122 406.459860474 0.213955825752 0.231587924437 -0.219659098221 0.923222518384 50.0 2026.0
1536071788253238773 -36.4683356439 82.5766605197 408.172372064 0.231184716413 0.23467428096 -0.163826014077 0.929861627267 50.0 2027.0
1536071788318923273 -36.3625852035 79.867976927 411.194862616 0.19769737022 0.220702811766 -0.0339928866518 0.954489655441 50.0 2028.0
1536071788384705533 -37.3637484681 78.1703445166 414.294334785 0.130063783846 0.244118875737 0.0362960295349 0.960297862583 50.0 2029.0
1536071788453303994 -39.0171766343 77.6530022789 415.516421834 0.0738700422211 0.226238066023 0.0647695316204 0.969104979926 50.0 2030.0
1536071788518486173 -40.900308413 78.0690334841 415.307529131 0.0190452508096 0.242767809282 0.0366731227014 0.969203874976 50.0 2031.0
1536071788584459853 -42.4311267732 78.9721422416 414.039293187 -0.00884109660618 0.231002156785 -0.0329382362441 0.972355342025 50.0 2032.0
1536071788655610670 -43.2089445101 80.6464116905 411.61062007 -0.00411369273678 0.21419004746 -0.088344718931 0.972779991436 50.0 2033.0
1536071788717881326 -43.1661885956 83.055222395 408.658220341 0.0210786163889 0.226082676761 -0.183119451319 0.956509059941 50.0 2034.0
1536071788915836215 -37.5978917939 83.9198318498 407.130444349 0.181865967174 0.198127094675 -0.213638104858 0.939164088162 50.0 2035.0
1536071788987550895 -34.8127294791 83.0878412333 407.959930064 0.241144913091 0.160015330118 -0.122223313457 0.949371205938 50.0 2036.0
1536071789053247119 -33.0831821583 80.242796562 411.300419564 0.236133875537 0.114580079869 -0.00813806403233 0.964907233901 50.0 2037.0
1536071789119247027 -33.5692417432 78.6828738326 413.786894924 0.198144402634 0.107610575152 0.0590962620435 0.972453799228 50.0 2038.0
1536071789186446682 -35.7382944996 77.7043623147 415.446011331 0.129985044198 0.149374385925 0.0812851105403 0.976823378057 50.0 2039.0
1536071789252002099 -38.3070966447 77.60149719 415.593609508 0.0593982745825 0.163525385806 0.0705946712179 0.98221570216 50.0 2040.0
1536071789317835545 -40.1951075715 78.2079199142 414.383134349 0.0189941796385 0.170815868629 0.0169309722068 0.984974366339 50.0 2041.0
1536071789386274138 -41.5792622487 79.6491995327 412.454652406 0.0123164046833 0.171353270727 -0.0385700860387 0.984377321584 50.0 2042.0
1536071789451555527 -42.2892437557 81.4683070195 410.151401137 0.0166170430666 0.190487726677 -0.116857675575 0.9745678958 50.0 2043.0
1536071789517933153 -41.921477023 82.5157675721 408.870960116 0.0386623790023 0.194547572499 -0.159556173949 0.96705650809 50.0 2044.0
1536071789585609781 -40.8168891327 82.9650196822 408.025826417 0.0762747935276 0.180314281885 -0.185035401017 0.963032094995 50.0 2045.0
1536071789651053856 -39.2058523844 83.9908324313 406.889613096 0.123264138475 0.197196737759 -0.220807427845 0.947187140217 50.0 2046.0
1536071789719037041 -37.1347920673 83.9646793671 406.913123828 0.187090851788 0.16886634832 -0.210102786117 0.944636432099 50.0 2047.0
1536071789787277064 -35.7241828211 82.0755491262 408.728818174 0.204566406887 0.170332969647 -0.131186744626 0.954949895366 50.0 2048.0
1536071789852079717 -35.3245675369 79.0739125015 412.354451428 0.178936276012 0.14921315307 0.00648146519427 0.972458345991 50.0 2049.0
1536071789918484296 -36.3406119562 77.457476744 416.175108198 0.113909381062 0.181943527464 0.100148241131 0.971540804865 50.0 2050.0
1536071789985918154 -38.0150146395 77.0561566958 416.98404715 0.0649741135725 0.169049189481 0.107035634241 0.97762165949 50.0 2051.0
1536071790051831317 -39.9845417959 77.3255450212 416.54708494 0.0170819327053 0.174651213678 0.0832521749819 0.980955777034 50.0 2052.0
1536071790117967587 -41.710616248 78.3356237561 414.880650201 -0.016888118889 0.169553909958 0.0357273850696 0.984728296036 50.0 2053.0
1536071790185916776 -42.7564445712 79.6814779881 412.717114436 -0.0236642932227 0.172586098158 -0.0388544283638 0.983943277504 50.0 2054.0
1536071790250969923 -42.9054741389 81.3592366745 410.527155712 -0.0120634545083 0.186441377811 -0.101718020687 0.977111830843 50.0 2055.0
1536071790317792524 -42.0412570236 82.623024367 408.924733588 0.0178797250012 0.208256408424 -0.157020340892 0.965222355901 50.0 2056.0
1536071790385606978 -40.3021442386 83.3077831894 407.700225848 0.0791460632487 0.175204784729 -0.193083215517 0.962163216905 50.0 2057.0
1536071790451397182 -38.0586440808 83.4819661072 407.448156728 0.128515510555 0.137738340513 -0.167189098826 0.967760155376 50.0 2058.0
1536071790518780864 -35.8038031545 82.1158703604 408.537822365 0.154873417167 0.12504161857 -0.145822806928 0.969079216195 50.0 2059.0
1536071790590963339 -34.0175364361 80.0331090974 411.475700863 0.17323971341 0.0974767127155 -0.0118974339643 0.97997180737 50.0 2060.0
1536071790652482173 -33.8048055923 78.5499068459 413.783150506 0.162430070482 0.0514336264897 0.0506197864605 0.98407758408 50.0 2061.0
1536071790718189165 -34.8280697578 77.8076254412 415.331594456 0.120842047904 0.0756127392754 0.0771235124528 0.986778534903 50.0 2062.0
1536071790915954134 -40.3043856404 78.6596825399 413.675666998 -0.0148961720795 0.113396078847 0.000836037210979 0.993437836204 50.0 2063.0
1536071790985542559 -41.1222629862 80.6005243237 410.687536513 -0.00843510084383 0.112980941782 -0.0884953475086 0.989612413694 50.0 2064.0
1536071791051187377 -41.0881117885 82.6338923105 408.471687688 0.0181323895813 0.135866361599 -0.161747245955 0.977266277255 50.0 2065.0
1536071791117799868 -40.3133495246 83.3721004037 407.609486068 0.043110588238 0.142427598685 -0.195734049214 0.969300798665 50.0 2066.0
1536071791185381508 -38.8937630803 84.0627529126 406.985308778 0.100669697812 0.149218054371 -0.180734971347 0.966920086835 50.0 2067.0
1536071791251051290 -36.5157908101 84.1228259121 406.93865709 0.174191416497 0.139898593182 -0.16306164237 0.96098732293 50.0 2068.0
1536071791318841494 -34.5499401294 83.6421301767 407.372776254 0.229452981147 0.124395010335 -0.157773019192 0.952357540665 50.0 2069.0
1536071791386496675 -33.240140689 81.525964759 409.895526901 0.23827704026 0.132211132082 -0.0645523685837 0.959988156359 50.0 2070.0
1536071791452202788 -33.2675259435 79.7841021774 412.187927028 0.214675470542 0.120200353087 0.0118246875853 0.969188575164 50.0 2071.0
1536071791518031045 -34.5686145791 78.954215755 413.168662286 0.171362987899 0.133451391588 0.0326663424509 0.975581038424 50.0 2072.0
1536071791586481940 -36.767159016 78.2343844047 413.747641721 0.107003041774 0.122941914108 0.0321426625719 0.986104702377 50.0 2073.0
1536071791651264720 -39.1001230092 78.0864287433 414.353784779 0.0380153575126 0.148791257571 0.0269553068795 0.987769915362 50.0 2074.0
1536071791717842136 -40.4956911892 79.3712492361 412.205750675 0.0220792958239 0.14584339266 -0.0498594075777 0.987803750241 50.0 2075.0
1536071791849079647 -40.9513238007 81.5902990639 409.691378395 0.0239620521524 0.146695417896 -0.0935226864384 0.984459131476 50.0 2076.0
1536071791917147094 -40.1093998579 82.4098233791 408.680545511 0.0469858819127 0.16861941613 -0.149865667911 0.973087920481 50.0 2077.0
1536071791985440681 -38.5238758225 82.4612733744 408.535284531 0.0964166671003 0.151930228662 -0.150784299894 0.972052018582 50.0 2078.0
1536071792050737339 -36.3913397248 82.0605818763 408.655645487 0.146654331816 0.119313781948 -0.129188385312 0.973430577647 50.0 2079.0
1536071792117951090 -34.7933364379 81.2243345208 409.807694809 0.178160536111 0.106735394458 -0.0586391826739 0.976436288346 50.0 2080.0
1536071792186228219 -34.3820233606 79.7519697703 411.885795171 0.166165236525 0.107114668211 -0.016418354239 0.980125501999 50.0 2081.0
1536071792251132658 -35.5384661514 78.2115901308 414.25932857 0.113061549708 0.0854294074624 0.0533348614271 0.988470684884 50.0 2082.0
1536071792317815021 -37.4838919653 77.5423175169 415.449374962 0.0529375058634 0.0961982237491 0.0603183520919 0.992121574517 50.0 2083.0
1536071792385496977 -39.00801243 77.9311676949 414.563410687 0.014746789138 0.0790688713432 0.0558761028072 0.99519269839 50.0 2084.0
1536071792451046661 -39.6277441714 79.0565738139 412.685803103 0.00471205754394 0.087360672252 -0.0284602910186 0.995758967468 50.0 2085.0
1536071792516741951 -39.5901747789 80.6376555464 410.596886121 0.0209908716599 0.0948259282697 -0.0721901599218 0.992650999821 50.0 2086.0
1536071792586984367 -39.1504889966 81.5335765547 409.177074969 0.0390933265339 0.0930229392106 -0.124245439727 0.987107651327 50.0 2087.0
1536071792650656415 -38.0369330622 81.7865215347 408.886042793 0.0717421046525 0.107745462149 -0.124715710852 0.98371234478 50.0 2088.0
1536071792717804874 -36.129233459 82.4797801765 408.342879062 0.133595859884 0.0988767707996 -0.15444735241 0.973920708144 50.0 2089.0
1536071792785660998 -33.9058747346 83.1679175152 408.198616775 0.196779306326 0.0839997402894 -0.155700030509 0.964354420705 50.0 2090.0
1536071792851397264 -32.3793014884 82.6040079555 409.002881698 0.228771847391 0.0731750398758 -0.0908728280012 0.966463131481 50.0 2091.0
1536071792918052170 -31.7820121089 81.2910074267 410.679591935 0.228308495977 0.051990842165 -0.0460586054468 0.971108020696 50.0 2092.0
1536071792985731500 -32.0476630662 80.0700023171 412.249606813 0.198208740329 0.0249811490182 -0.00955231787302 0.979794871733 50.0 2093.0
1536071793051593521 -32.8596566951 79.1239540948 413.475452668 0.160613388909 0.020739537376 0.0261782596388 0.986452183137 50.0 2094.0
1536071793117052382 -33.8756545741 78.728171452 413.859539127 0.121129008244 0.0227684673596 0.04142410528 0.991510667496 50.0 2095.0
1536071793185718179 -35.1751241213 78.5502719042 413.800317574 0.0820423910429 0.0221559668294 0.0307607041813 0.995907595254 50.0 2096.0
1536071793250277551 -36.4173126517 78.5477563569 413.441085651 0.0454004952238 0.00706508214095 0.0301984773381 0.998487321709 50.0 2097.0
1536071793316808014 -37.3792253704 79.0566629567 412.371096424 0.0275021267591 0.0148671752071 -0.0141882349964 0.999410473286 50.0 2098.0
1536071793384723062 -37.7806083109 81.1699344592 409.588991961 0.0325508749328 0.0588663411689 -0.108182707828 0.991852658486 50.0 2099.0
1536071793450160952 -37.3358568696 83.0454820465 407.787694721 0.0657628075836 0.0598582730876 -0.16434208784 0.982386847655 50.0 2100.0
1536071793517866777 -36.4579766566 83.7867900204 407.083536255 0.111287907134 0.0648942398286 -0.180647759812 0.975074420871 50.0 2101.0
1536071793585316425 -35.3773748548 84.404868404 406.601321913 0.176729581733 0.0817971063835 -0.20975682358 0.958163849918 50.0 2102.0
1536071793650636213 -34.4670324518 84.2416712223 407.117572889 0.221506829511 0.125430652807 -0.165220121451 0.952840063853 50.0 2103.0
1536071793718469717 -33.9622348202 82.5421722596 408.646814811 0.241894317345 0.125770604957 -0.113523441798 0.955395898216 50.0 2104.0
1536071793786479467 -33.6227548178 80.2016597642 411.401866173 0.207170376827 0.132250167908 -0.0315184536635 0.968812115496 50.0 2105.0
1536071793852616957 -34.5787689839 78.6993461058 413.679668017 0.152592901129 0.113388468631 0.0430916127128 0.980816789528 50.0 2106.0
1536071793917887951 -36.5488494129 77.7486184873 414.923051634 0.0755403594368 0.0747491641849 0.0609296181051 0.992468537631 50.0 2107.0
1536071793985843014 -38.6080709676 77.471048112 415.958401617 0.00652999509006 0.0822748572399 0.0791721666682 0.993438460628 50.0 2108.0
1536071794051420041 -40.3458059753 78.0022558285 414.921030035 -0.0385327142209 0.0846380673922 0.0387991962424 0.994910171751 50.0 2109.0
1536071794116939358 -41.2585596294 79.228434998 412.779992548 -0.0497445903812 0.0661039126999 -0.0147613902181 0.996462668549 50.0 2110.0
1536071794185080205 -41.6591133537 80.3444916241 411.34602745 -0.0529188918091 0.0727321367895 -0.0616068194765 0.994039348799 50.0 2111.0
1536071794250674379 -41.3403511358 81.2745768046 410.290313527 -0.0367421048918 0.0881374230125 -0.0742846075925 0.992654828965 50.0 2112.0
1536071794383476079 -38.616264966 84.0840477576 406.832292436 0.0713619116452 0.102099750038 -0.193625482666 0.973135289192 50.0 2113.0
1536071794451526241 -37.4071606883 84.7484391549 406.391160572 0.124848348225 0.105869981622 -0.228678365369 0.959640892287 50.0 2114.0
1536071794523402950 -36.2257173873 84.178676845 406.896501878 0.156326885658 0.12677977998 -0.192644944505 0.960404455199 50.0 2115.0
1536071794585473912 -35.357961402 82.5878671568 408.225813976 0.173249886593 0.121740014481 -0.127255113029 0.969004634601 50.0 2116.0
1536071794652868458 -35.2008793286 80.8682225053 410.077509379 0.175150464219 0.113347591302 -0.0638180525594 0.975910802583 50.0 2117.0
1536071794720490931 -35.7428298507 79.2959626875 412.283155829 0.138106055185 0.128563880597 -0.00236409133212 0.982034855389 50.0 2118.0
1536071794787027014 -37.1456945593 78.5017545644 413.581257579 0.0853154789701 0.135901490167 0.0182192886878 0.986873908632 50.0 2119.0
1536071794852167372 -38.9546662011 78.1820958118 414.054095536 0.0304072604823 0.118818814952 0.0308493735445 0.991970666842 50.0 2120.0
1536071794919289428 -40.7119323166 78.4610040014 414.168417798 -0.0228344133058 0.122583634126 0.0150056076648 0.992081989531 50.0 2121.0
1536071794985901771 -41.9910225898 79.5206108985 412.787139978 -0.0542538988117 0.117478405387 -0.0223141457294 0.991341221594 50.0 2122.0
1536071795051083739 -42.5740066686 80.7831439644 411.341869358 -0.0684934058778 0.109598636097 -0.0708054947751 0.989082086698 50.0 2123.0
1536071795118830602 -42.4608659621 82.0498958593 409.44987698 -0.055742197166 0.0934083245015 -0.120771648664 0.986702539395 50.0 2124.0
1536071795184630580 -41.9444105615 82.8815285049 408.638449444 -0.0434559472469 0.101884720111 -0.161626836458 0.980616056463 50.0 2125.0
1536071795251024013 -40.6431776131 84.4281732866 406.948620839 0.0237637760144 0.0989173406998 -0.187085785327 0.977061692826 50.0 2126.0
1536071795318882662 -39.2897018308 86.9751137347 405.247281442 0.0944453657156 0.132552381944 -0.293121390457 0.942119838127 50.0 2127.0
1536071795451757396 -36.901816126 87.1420804868 404.988935287 0.19597707975 0.142099116725 -0.24178243555 0.939649976905 50.0 2128.0
1536071795520870967 -35.6757473301 85.7265086203 405.627192595 0.221672632056 0.143955818842 -0.23633147755 0.935032298446 50.0 2129.0
1536071795587056027 -34.7608803103 84.1052698625 407.080937676 0.228530485051 0.136562216092 -0.139959382697 0.953695941972 50.0 2130.0
1536071795718865383 -34.7419811294 83.4469977686 407.80590877 0.222355023666 0.163642791611 -0.155850404252 0.948414430351 50.0 2131.0
1536071795786653048 -35.4012290979 81.8574416791 408.952264717 0.191850595753 0.137861534191 -0.0993751827118 0.966598220235 50.0 2132.0
1536071795854115438 -36.7927385657 80.591175908 410.397856317 0.137685816053 0.153741742219 -0.0814478313564 0.975075557854 50.0 2133.0
1536071795919738994 -38.4874990073 79.5792684896 411.620448633 0.0744989481676 0.137381844608 -0.0399262242307 0.986905280213 50.0 2134.0
1536071796116306380 -42.9761297506 81.7381805895 410.22774485 -0.0546603899174 0.143237928447 -0.116946477805 0.98123323372 50.0 2135.0
1536071796185618638 -43.2888410344 83.0999463811 408.909473239 -0.0571690221762 0.135136134017 -0.1684872788 0.974721480767 50.0 2136.0
1536071796251781203 -43.2742569807 83.9682208114 407.902419682 -0.0387986848284 0.134862793011 -0.200696527149 0.969550201437 50.0 2137.0
1536071796318389975 -42.7689339018 85.5848218594 406.658198836 -0.0080091549503 0.154785410851 -0.252574978426 0.955082829025 50.0 2138.0
1536071796390089195 -41.5758397438 87.2644952534 405.221830966 0.0394414665591 0.175868039745 -0.330636291256 0.926387848699 50.0 2139.0
1536071796919292674 -34.117081145 86.4235996191 405.737554241 0.299419537215 0.194536790666 -0.208469957821 0.910518343856 50.0 2140.0
1536071796987844870 -34.2338782768 84.6326650659 406.565764939 0.27631261673 0.186900091929 -0.188049642662 0.923773254304 50.0 2141.0
1536071797054525359 -35.0022106288 82.8711080965 408.259860477 0.237032461645 0.193554760086 -0.117333001258 0.94476723789 50.0 2142.0
1536071797119791663 -36.1230468271 80.8022149079 409.925535792 0.188173551671 0.16965055381 -0.0738442952672 0.964549855684 50.0 2143.0
1536071797187136473 -37.5259608646 79.2861424752 412.170453881 0.118019657435 0.201593172706 -0.0278176196389 0.97193504578 50.0 2144.0
1536071797254043260 -39.0754907207 78.2127126635 414.205656092 0.0544190517104 0.181643446478 0.0332697641191 0.981293711362 50.0 2145.0
1536071797319432458 -40.7442672877 77.7561333161 415.810080739 -0.0104779626438 0.171265121901 0.0695528138313 0.982710983152 50.0 2146.0
1536071797385407889 -42.4216587844 77.8067475465 416.687948633 -0.0647104015386 0.170074444055 0.0722502977128 0.980646287859 50.0 2147.0
1536071797454401439 -43.7160538227 78.2324333834 416.381780158 -0.0949835457028 0.154740633329 0.0670359693377 0.981091046365 50.0 2148.0
1536071797518093517 -44.2533650948 78.784345158 415.343902615 -0.110151646224 0.14580738742 0.0326763596085 0.982618479437 50.0 2149.0
1536071797584439049 -44.5118644132 79.8381383752 413.871310915 -0.110908954584 0.164143162068 -0.00239821657052 0.98017879731 50.0 2150.0
1536071797652493464 -44.7439635315 80.636728475 412.4268068 -0.106916632814 0.13668099452 -0.0307390464549 0.984348642701 50.0 2151.0
1536071797718808536 -44.5988273102 81.9715732611 410.837877939 -0.0963700751286 0.158098673232 -0.117385333158 0.975673255604 50.0 2152.0
1536071797784489328 -43.935854355 82.8097289492 409.510934219 -0.0648478279512 0.146738291019 -0.141510748779 0.976850726129 50.0 2153.0
1536071797851829174 -43.0487173291 83.8788012934 408.097150507 -0.0297593349644 0.156659122133 -0.178855284426 0.970867183845 50.0 2154.0
1536071797918203406 -41.9992718964 84.7121521549 407.108539074 0.0176641321011 0.139217784574 -0.209645144936 0.967654535514 50.0 2155.0
1536071797986857111 -40.7649982999 85.2577918936 406.395448701 0.0620196090504 0.138865070583 -0.234244004681 0.960208209992 50.0 2156.0
1536071798052114544 -39.5925767617 84.7565200338 406.513351592 0.0959527646343 0.148107881271 -0.234110976846 0.956059189059 50.0 2157.0
1536071798119740103 -38.4856123171 83.5337435819 407.427183422 0.117955226514 0.136891964995 -0.172165728666 0.968352268718 50.0 2158.0
1536071798193280110 -37.5169533844 81.8448043299 408.918653854 0.122629012398 0.133098840634 -0.115703037745 0.976657376462 50.0 2159.0
1536071798253056490 -37.1329575036 80.0712432631 410.882265454 0.110844046685 0.124129246143 -0.0511175468538 0.984729670504 50.0 2160.0
1536071798318050439 -37.4619127582 79.3144923968 412.116574334 0.0877769752824 0.129801217894 -0.0135001786327 0.987554854993 50.0 2161.0
1536071798386426711 -38.538340564 78.4380861576 413.54101482 0.0444987007165 0.126868380369 0.00853989481659 0.990884125362 50.0 2162.0
1536071798452586370 -39.9975948717 78.2728939269 414.325451262 -0.00438833650199 0.123867436363 0.0298463708439 0.99184010549 50.0 2163.0
1536071798517787541 -41.2098109718 78.8389054536 413.586647185 -0.0373783716798 0.126724399006 -0.00651374328726 0.991212063675 50.0 2164.0
1536071798586235660 -41.8599782809 80.2238682386 411.515019501 -0.0359315761298 0.112981854869 -0.0762595651476 0.990014394355 50.0 2165.0
1536071798651417769 -42.0230624643 82.3292150501 409.152403306 -0.0286511477934 0.130464293065 -0.145852135816 0.980247588338 50.0 2166.0
1536071798717829384 -42.012778462 83.0470085958 408.416266427 -0.0170458678604 0.109432688203 -0.146719648048 0.982958427411 50.0 2167.0
1536071798785496236 -41.6985562471 83.1226773328 408.362903257 -0.0142840271247 0.123037960043 -0.160950786749 0.979159063279 50.0 2168.0
1536071798851107459 -40.9428362759 83.042715526 407.972719532 0.0122674691659 0.120599208759 -0.180800549146 0.976020748486 50.0 2169.0
1536071798920942478 -40.8289872521 83.2255137798 408.057194762 0.0215329966483 0.121795345366 -0.164768491033 0.978546661261 50.0 2170.0
1536071798985193749 -41.4690685938 82.9488431906 408.436266486 -0.0103466616073 0.125711521956 -0.173961957019 0.976640567123 50.0 2171.0
psm_des
psm_cur
